163,4,time,val
0,0,0,0.062,0.000
0,0,1,0.062,0.056
0,0,2,0.062,-0.012
0,0,3,0.062,-0.000
0,1,0,0.062,0.056
0,1,1,0.062,0.000
0,1,2,0.062,0.057
0,1,3,0.062,-0.007
0,2,0,0.062,-0.012
0,2,1,0.062,0.057
0,2,2,0.062,0.000
0,2,3,0.062,0.056
0,3,0,0.062,-0.000
0,3,1,0.062,-0.007
0,3,2,0.062,0.056
0,3,3,0.062,0.000
1,0,0,0.125,0.000
1,0,1,0.125,0.064
1,0,2,0.125,-0.029
1,0,3,0.125,0.001
1,1,0,0.125,0.064
1,1,1,0.125,0.000
1,1,2,0.125,0.061
1,1,3,0.125,-0.010
1,2,0,0.125,-0.029
1,2,1,0.125,0.061
1,2,2,0.125,0.000
1,2,3,0.125,0.063
1,3,0,0.125,0.001
1,3,1,0.125,-0.010
1,3,2,0.125,0.063
1,3,3,0.125,0.000
2,0,0,0.252,0.000
2,0,1,0.252,0.083
2,0,2,0.252,-0.070
2,0,3,0.252,0.004
2,1,0,0.252,0.083
2,1,1,0.252,0.000
2,1,2,0.252,0.082
2,1,3,0.252,-0.028
2,2,0,0.252,-0.070
2,2,1,0.252,0.082
2,2,2,0.252,0.000
2,2,3,0.252,0.079
2,3,0,0.252,0.004
2,3,1,0.252,-0.028
2,3,2,0.252,0.079
2,3,3,0.252,0.000
3,0,0,0.402,0.000
3,0,1,0.402,0.118
3,0,2,0.402,-0.143
3,0,3,0.402,0.011
3,1,0,0.402,0.118
3,1,1,0.402,0.000
3,1,2,0.402,0.119
3,1,3,0.402,-0.059
3,2,0,0.402,-0.143
3,2,1,0.402,0.119
3,2,2,0.402,0.000
3,2,3,0.402,0.104
3,3,0,0.402,0.011
3,3,1,0.402,-0.059
3,3,2,0.402,0.104
3,3,3,0.402,0.000
4,0,0,0.504,0.000
4,0,1,0.504,0.142
4,0,2,0.504,-0.194
4,0,3,0.504,0.016
4,1,0,0.504,0.142
4,1,1,0.504,0.000
4,1,2,0.504,0.147
4,1,3,0.504,-0.081
4,2,0,0.504,-0.194
4,2,1,0.504,0.147
4,2,2,0.504,0.000
4,2,3,0.504,0.120
4,3,0,0.504,0.016
4,3,1,0.504,-0.081
4,3,2,0.504,0.120
4,3,3,0.504,0.000
5,0,0,0.581,0.000
5,0,1,0.581,0.142
5,0,2,0.581,-0.195
5,0,3,0.581,0.012
5,1,0,0.581,0.142
5,1,1,0.581,0.000
5,1,2,0.581,0.148
5,1,3,0.581,-0.080
5,2,0,0.581,-0.195
5,2,1,0.581,0.148
5,2,2,0.581,0.000
5,2,3,0.581,0.124
5,3,0,0.581,0.012
5,3,1,0.581,-0.080
5,3,2,0.581,0.124
5,3,3,0.581,0.000
6,0,0,0.657,0.000
6,0,1,0.657,0.117
6,0,2,0.657,-0.143
6,0,3,0.657,-0.003
6,1,0,0.657,0.117
6,1,1,0.657,0.000
6,1,2,0.657,0.121
6,1,3,0.657,-0.057
6,2,0,0.657,-0.143
6,2,1,0.657,0.121
6,2,2,0.657,0.000
6,2,3,0.657,0.115
6,3,0,0.657,-0.003
6,3,1,0.657,-0.057
6,3,2,0.657,0.115
6,3,3,0.657,0.000
7,0,0,0.730,0.000
7,0,1,0.730,0.082
7,0,2,0.730,-0.070
7,0,3,0.730,-0.022
7,1,0,0.730,0.082
7,1,1,0.730,0.000
7,1,2,0.730,0.083
7,1,3,0.730,-0.025
7,2,0,0.730,-0.070
7,2,1,0.730,0.083
7,2,2,0.730,0.000
7,2,3,0.730,0.103
7,3,0,0.730,-0.022
7,3,1,0.730,-0.025
7,3,2,0.730,0.103
7,3,3,0.730,0.000
8,0,0,0.808,0.000
8,0,1,0.808,0.055
8,0,2,0.808,-0.015
8,0,3,0.808,-0.039
8,1,0,0.808,0.055
8,1,1,0.808,0.000
8,1,2,0.808,0.055
8,1,3,0.808,-0.001
8,2,0,0.808,-0.015
8,2,1,0.808,0.055
8,2,2,0.808,0.000
8,2,3,0.808,0.096
8,3,0,0.808,-0.039
8,3,1,0.808,-0.001
8,3,2,0.808,0.096
8,3,3,0.808,0.000
9,0,0,0.908,0.000
9,0,1,0.908,0.041
9,0,2,0.908,0.015
9,0,3,0.908,-0.054
9,1,0,0.908,0.041
9,1,1,0.908,0.000
9,1,2,0.908,0.039
9,1,3,0.908,0.012
9,2,0,0.908,0.015
9,2,1,0.908,0.039
9,2,2,0.908,0.000
9,2,3,0.908,0.098
9,3,0,0.908,-0.054
9,3,1,0.908,0.012
9,3,2,0.908,0.098
9,3,3,0.908,0.000
10,0,0,1.066,0.000
10,0,1,1.066,0.034
10,0,2,1.066,0.023
10,0,3,1.066,-0.073
10,1,0,1.066,0.034
10,1,1,1.066,0.000
10,1,2,1.066,0.037
10,1,3,1.066,0.015
10,2,0,1.066,0.023
10,2,1,1.066,0.037
10,2,2,1.066,0.000
10,2,3,1.066,0.113
10,3,0,1.066,-0.073
10,3,1,1.066,0.015
10,3,2,1.066,0.113
10,3,3,1.066,0.000
11,0,0,1.314,0.000
11,0,1,1.314,-0.070
11,0,2,1.314,0.023
11,0,3,1.314,-0.008
11,1,0,1.314,-0.070
11,1,1,1.314,0.000
11,1,2,1.314,0.125
11,1,3,1.314,0.015
11,2,0,1.314,0.023
11,2,1,1.314,0.125
11,2,2,1.314,0.000
11,2,3,1.314,0.064
11,3,0,1.314,-0.008
11,3,1,1.314,0.015
11,3,2,1.314,0.064
11,3,3,1.314,0.000
12,0,0,1.360,0.000
12,0,1,1.360,0.017
12,0,2,1.360,0.023
12,0,3,1.360,-0.105
12,1,0,1.360,0.017
12,1,1,1.360,0.000
12,1,2,1.360,0.054
12,1,3,1.360,0.015
12,2,0,1.360,0.023
12,2,1,1.360,0.054
12,2,2,1.360,0.000
12,2,3,1.360,0.145
12,3,0,1.360,-0.105
12,3,1,1.360,0.015
12,3,2,1.360,0.145
12,3,3,1.360,0.000
13,0,0,1.406,0.000
13,0,1,1.406,0.024
13,0,2,1.406,0.023
13,0,3,1.406,-0.122
13,1,0,1.406,0.024
13,1,1,1.406,0.000
13,1,2,1.406,0.048
13,1,3,1.406,0.015
13,2,0,1.406,0.023
13,2,1,1.406,0.048
13,2,2,1.406,0.000
13,2,3,1.406,0.162
13,3,0,1.406,-0.122
13,3,1,1.406,0.015
13,3,2,1.406,0.162
13,3,3,1.406,0.000
14,0,0,1.593,0.000
14,0,1,1.593,0.003
14,0,2,1.593,0.023
14,0,3,1.593,-0.147
14,1,0,1.593,0.003
14,1,1,1.593,0.000
14,1,2,1.593,0.068
14,1,3,1.593,0.015
14,2,0,1.593,0.023
14,2,1,1.593,0.068
14,2,2,1.593,0.000
14,2,3,1.593,0.188
14,3,0,1.593,-0.147
14,3,1,1.593,0.015
14,3,2,1.593,0.188
14,3,3,1.593,0.000
15,0,0,1.914,0.000
15,0,1,1.914,-1.270
15,0,2,1.914,0.023
15,0,3,1.914,1.034
15,1,0,1.914,-1.270
15,1,1,1.914,0.000
15,1,2,1.914,1.321
15,1,3,1.914,0.015
15,2,0,1.914,0.023
15,2,1,1.914,1.321
15,2,2,1.914,0.000
15,2,3,1.914,-0.973
15,3,0,1.914,1.034
15,3,1,1.914,0.015
15,3,2,1.914,-0.973
15,3,3,1.914,0.000
16,0,0,1.958,0.000
16,0,1,1.958,-0.180
16,0,2,1.958,0.023
16,0,3,1.958,-0.071
16,1,0,1.958,-0.180
16,1,1,1.958,0.000
16,1,2,1.958,0.251
16,1,3,1.958,0.015
16,2,0,1.958,0.023
16,2,1,1.958,0.251
16,2,2,1.958,0.000
16,2,3,1.958,0.111
16,3,0,1.958,-0.071
16,3,1,1.958,0.015
16,3,2,1.958,0.111
16,3,3,1.958,0.000
17,0,0,2.003,0.000
17,0,1,2.003,-0.138
17,0,2,2.003,0.023
17,0,3,2.003,-0.128
17,1,0,2.003,-0.138
17,1,1,2.003,0.000
17,1,2,2.003,0.210
17,1,3,2.003,0.015
17,2,0,2.003,0.023
17,2,1,2.003,0.210
17,2,2,2.003,0.000
17,2,3,2.003,0.168
17,3,0,2.003,-0.128
17,3,1,2.003,0.015
17,3,2,2.003,0.168
17,3,3,2.003,0.000
18,0,0,2.183,0.000
18,0,1,2.183,-0.248
18,0,2,2.183,0.023
18,0,3,2.183,-0.070
18,1,0,2.183,-0.248
18,1,1,2.183,0.000
18,1,2,2.183,0.320
18,1,3,2.183,0.015
18,2,0,2.183,0.023
18,2,1,2.183,0.320
18,2,2,2.183,0.000
18,2,3,2.183,0.110
18,3,0,2.183,-0.070
18,3,1,2.183,0.015
18,3,2,2.183,0.110
18,3,3,2.183,0.000
19,0,0,2.671,0.000
19,0,1,2.671,-12.968
19,0,2,2.671,0.023
19,0,3,2.671,12.614
19,1,0,2.671,-12.968
19,1,1,2.671,0.000
19,1,2,2.671,13.025
19,1,3,2.671,0.015
19,2,0,2.671,0.023
19,2,1,2.671,13.025
19,2,2,2.671,0.000
19,2,3,2.671,-12.558
19,3,0,2.671,12.614
19,3,1,2.671,0.017
19,3,2,2.671,-12.558
19,3,3,2.671,0.000
20,0,0,2.728,0.000
20,0,1,2.728,-6.168
20,0,2,2.728,0.023
20,0,3,2.728,5.843
20,1,0,2.728,-6.168
20,1,1,2.728,0.000
20,1,2,2.728,6.237
20,1,3,2.728,0.013
20,2,0,2.728,0.023
20,2,1,2.728,6.237
20,2,2,2.728,0.000
20,2,3,2.728,-5.800
20,3,0,2.728,5.843
20,3,1,2.728,0.017
20,3,2,2.728,-5.800
20,3,3,2.728,0.000
21,0,0,2.784,0.000
21,0,1,2.784,-3.559
21,0,2,2.784,0.023
21,0,3,2.784,3.266
21,1,0,2.784,-3.559
21,1,1,2.784,0.000
21,1,2,2.784,3.630
21,1,3,2.784,0.004
21,2,0,2.784,0.023
21,2,1,2.784,3.630
21,2,2,2.784,0.000
21,2,3,2.784,-3.226
21,3,0,2.784,3.266
21,3,1,2.784,0.023
21,3,2,2.784,-3.226
21,3,3,2.784,0.000
22,0,0,2.907,0.000
22,0,1,2.907,-17.199
22,0,2,2.907,0.023
22,0,3,2.907,16.980
22,1,0,2.907,-17.199
22,1,1,2.907,0.000
22,1,2,2.907,17.268
22,1,3,2.907,0.000
22,2,0,2.907,0.023
22,2,1,2.907,17.268
22,2,2,2.907,0.000
22,2,3,2.907,-16.936
22,3,0,2.907,16.980
22,3,1,2.907,0.000
22,3,2,2.907,-16.936
22,3,3,2.907,0.000
23,0,0,3.028,0.000
23,0,1,3.028,-106.658
23,0,2,3.028,0.023
23,0,3,3.028,106.510
23,1,0,3.028,-106.658
23,1,1,3.028,0.000
23,1,2,3.028,106.713
23,1,3,3.028,0.000
23,2,0,3.028,0.023
23,2,1,3.028,106.713
23,2,2,3.028,0.000
23,2,3,3.028,-106.454
23,3,0,3.028,106.510
23,3,1,3.028,0.000
23,3,2,3.028,-106.454
23,3,3,3.028,0.000
24,0,0,3.086,0.000
24,0,1,3.086,-59.162
24,0,2,3.086,0.023
24,0,3,3.086,59.045
24,1,0,3.086,-59.162
24,1,1,3.086,0.000
24,1,2,3.086,59.230
24,1,3,3.086,8.000
24,2,0,3.086,0.023
24,2,1,3.086,59.230
24,2,2,3.086,0.000
24,2,3,3.086,-59.001
24,3,0,3.086,59.045
24,3,1,3.086,0.000
24,3,2,3.086,-59.001
24,3,3,3.086,0.000
25,0,0,3.143,0.000
25,0,1,3.143,-35.371
25,0,2,3.143,0.023
25,0,3,3.143,35.281
25,1,0,3.143,-35.371
25,1,1,3.143,0.000
25,1,2,3.143,35.442
25,1,3,3.143,8.000
25,2,0,3.143,0.023
25,2,1,3.143,35.442
25,2,2,3.143,0.000
25,2,3,3.143,-35.240
25,3,0,3.143,35.281
25,3,1,3.143,-4.000
25,3,2,3.143,-35.240
25,3,3,3.143,0.000
26,0,0,3.263,0.000
26,0,1,3.263,-201.731
26,0,2,3.263,0.023
26,0,3,3.263,201.689
26,1,0,3.263,-201.731
26,1,1,3.263,0.000
26,1,2,3.263,201.799
26,1,3,3.263,256.000
26,2,0,3.263,0.023
26,2,1,3.263,201.799
26,2,2,3.263,0.000
26,2,3,3.263,-201.645
26,3,0,3.263,201.689
26,3,1,3.263,256.000
26,3,2,3.263,-201.645
26,3,3,3.263,0.000
27,0,0,3.381,0.000
27,0,1,3.381,-1235.311
27,0,2,3.381,0.023
27,0,3,3.381,1235.304
27,1,0,3.381,-1235.311
27,1,1,3.381,0.000
27,1,2,3.381,1235.366
27,1,3,3.381,-32768.000
27,2,0,3.381,0.023
27,2,1,3.381,1235.366
27,2,2,3.381,0.000
27,2,3,3.381,-1235.246
27,3,0,3.381,1235.304
27,3,1,3.381,24576.000
27,3,2,3.381,-1235.246
27,3,3,3.381,0.000
28,0,0,3.439,0.000
28,0,1,3.439,-745.183
28,0,2,3.439,0.023
28,0,3,3.439,745.187
28,1,0,3.439,-745.183
28,1,1,3.439,0.000
28,1,2,3.439,745.250
28,1,3,3.439,-16384.000
28,2,0,3.439,0.023
28,2,1,3.439,745.250
28,2,2,3.439,0.000
28,2,3,3.439,-745.143
28,3,0,3.439,745.187
28,3,1,3.439,8192.000
28,3,2,3.439,-745.143
28,3,3,3.439,0.000
29,0,0,3.498,0.000
29,0,1,3.498,-467.001
29,0,2,3.498,0.023
29,0,3,3.498,467.016
29,1,0,3.498,-467.001
29,1,1,3.498,0.000
29,1,2,3.498,467.071
29,1,3,3.498,32768.000
29,2,0,3.498,0.023
29,2,1,3.498,467.071
29,2,2,3.498,0.000
29,2,3,3.498,-466.975
29,3,0,3.498,467.016
29,3,1,3.498,-65536.000
29,3,2,3.498,-466.975
29,3,3,3.498,0.000
30,0,0,3.614,0.000
30,0,1,3.614,-2732.642
30,0,2,3.614,0.023
30,0,3,3.614,2732.674
30,1,0,3.614,-2732.642
30,1,1,3.614,0.000
30,1,2,3.614,2732.710
30,1,3,3.614,0.000
30,2,0,3.614,0.023
30,2,1,3.614,2732.710
30,2,2,3.614,0.000
30,2,3,3.614,-2732.629
30,3,0,3.614,2732.674
30,3,1,3.614,524288.000
30,3,2,3.614,-2732.629
30,3,3,3.614,0.000
31,0,0,3.730,0.000
31,0,1,3.730,-16022.023
31,0,2,3.730,0.023
31,0,3,3.730,16022.064
31,1,0,3.730,-16022.023
31,1,1,3.730,0.000
31,1,2,3.730,16022.076
31,1,3,3.730,33554432.000
31,2,0,3.730,0.023
31,2,1,3.730,16022.077
31,2,2,3.730,0.000
31,2,3,3.730,-16022.006
31,3,0,3.730,16022.064
31,3,1,3.730,33554432.000
31,3,2,3.730,-16022.006
31,3,3,3.730,0.000
32,0,0,3.788,0.000
32,0,1,3.788,-10285.534
32,0,2,3.788,0.023
32,0,3,3.788,10285.580
32,1,0,3.788,-10285.534
32,1,1,3.788,0.000
32,1,2,3.788,10285.601
32,1,3,3.788,-33554432.000
32,2,0,3.788,0.023
32,2,1,3.788,10285.601
32,2,2,3.788,0.000
32,2,3,3.788,-10285.535
32,3,0,3.788,10285.580
32,3,1,3.788,234881024.000
32,3,2,3.788,-10285.535
32,3,3,3.788,0.000
33,0,0,3.847,0.000
33,0,1,3.847,-6784.374
33,0,2,3.847,0.023
33,0,3,3.847,6784.423
33,1,0,3.847,-6784.374
33,1,1,3.847,0.000
33,1,2,3.847,6784.445
33,1,3,3.847,-134217728.000
33,2,0,3.847,0.023
33,2,1,3.847,6784.445
33,2,2,3.847,0.000
33,2,3,3.847,-6784.381
33,3,0,3.847,6784.423
33,3,1,3.847,268435456.000
33,3,2,3.847,-6784.381
33,3,3,3.847,0.000
34,0,0,3.961,0.000
34,0,1,3.961,-38367.462
34,0,2,3.961,0.023
34,0,3,3.961,38367.515
34,1,0,3.961,-38367.462
34,1,1,3.961,0.000
34,1,2,3.961,38367.529
34,1,3,3.961,2147483648.000
34,2,0,3.961,0.023
34,2,1,3.961,38367.528
34,2,2,3.961,0.000
34,2,3,3.961,-38367.469
34,3,0,3.961,38367.515
34,3,1,3.961,-2147483648.000
34,3,2,3.961,-38367.472
34,3,3,3.961,0.000
35,0,0,4.074,0.000
35,0,1,4.074,-213996.155
35,0,2,4.074,0.023
35,0,3,4.074,213996.211
35,1,0,4.074,-213996.155
35,1,1,4.074,0.000
35,1,2,4.074,213996.164
35,1,3,4.074,-68719476736.000
35,2,0,4.074,0.023
35,2,1,4.074,213996.219
35,2,2,4.074,0.000
35,2,3,4.074,-213996.156
35,3,0,4.074,213996.211
35,3,1,4.074,68719476736.000
35,3,2,4.074,-213996.109
35,3,3,4.074,0.000
36,0,0,4.134,0.000
36,0,1,4.134,-144578.105
36,0,2,4.134,0.023
36,0,3,4.134,144578.162
36,1,0,4.134,-144578.105
36,1,1,4.134,0.000
36,1,2,4.134,144578.242
36,1,3,4.134,-274877906944.000
36,2,0,4.134,0.023
36,2,1,4.134,144578.164
36,2,2,4.134,0.000
36,2,3,4.134,-144578.043
36,3,0,4.134,144578.162
36,3,1,4.134,137438953472.000
36,3,2,4.134,-144578.160
36,3,3,4.134,0.000
37,0,0,4.193,0.000
37,0,1,4.193,-99975.106
37,0,2,4.193,0.023
37,0,3,4.193,99975.163
37,1,0,4.193,-99975.106
37,1,1,4.193,0.000
37,1,2,4.193,99975.203
37,1,3,4.193,-274877906944.000
37,2,0,4.193,0.023
37,2,1,4.193,99975.234
37,2,2,4.193,0.000
37,2,3,4.193,-99975.137
37,3,0,4.193,99975.163
37,3,1,4.193,137438953472.000
37,3,2,4.193,-99975.125
37,3,3,4.193,0.000
38,0,0,4.305,0.000
38,0,1,4.305,-539917.673
38,0,2,4.305,0.023
38,0,3,4.305,539917.732
38,1,0,4.305,-539917.673
38,1,1,4.305,0.000
38,1,2,4.305,539917.875
38,1,3,4.305,-4398046511104.000
38,2,0,4.305,0.023
38,2,1,4.305,539917.875
38,2,2,4.305,0.000
38,2,3,4.305,-539917.750
38,3,0,4.305,539917.732
38,3,1,4.305,-8796093022208.000
38,3,2,4.305,-539917.875
38,3,3,4.305,0.000
39,0,0,4.416,0.000
39,0,1,4.416,-2868225.108
39,0,2,4.416,0.023
39,0,3,4.416,2868225.167
39,1,0,4.416,-2868225.108
39,1,1,4.416,0.000
39,1,2,4.416,2868224.000
39,1,3,4.416,281474976710656.000
39,2,0,4.416,0.023
39,2,1,4.416,2868234.000
39,2,2,4.416,0.000
39,2,3,4.416,-2868240.000
39,3,0,4.416,2868225.167
39,3,1,4.416,0.000
39,3,2,4.416,-2868224.000
39,3,3,4.416,0.000
40,0,0,4.476,0.000
40,0,1,4.476,-2027477.571
40,0,2,4.476,0.023
40,0,3,4.476,2027477.630
40,1,0,4.476,-2027477.571
40,1,1,4.476,0.000
40,1,2,4.476,2027486.000
40,1,3,4.476,-844424930131968.000
40,2,0,4.476,0.023
40,2,1,4.476,2027482.000
40,2,2,4.476,0.000
40,2,3,4.476,-2027480.000
40,3,0,4.476,2027477.631
40,3,1,4.476,1125899906842624.000
40,3,2,4.476,-2027486.000
40,3,3,4.476,0.000
41,0,0,4.536,0.000
41,0,1,4.536,-1464104.582
41,0,2,4.536,0.023
41,0,3,4.536,1464104.642
41,1,0,4.536,-1464104.582
41,1,1,4.536,0.000
41,1,2,4.536,1464106.000
41,1,3,4.536,562949953421312.000
41,2,0,4.536,0.023
41,2,1,4.536,1464118.000
41,2,2,4.536,0.000
41,2,3,4.536,-1464108.000
41,3,0,4.536,1464104.643
41,3,1,4.536,0.000
41,3,2,4.536,-1464099.000
41,3,3,4.536,0.000
42,0,0,4.646,0.000
42,0,1,4.646,-7550515.462
42,0,2,4.646,0.023
42,0,3,4.646,7550515.521
42,1,0,4.646,-7550515.461
42,1,1,4.646,0.000
42,1,2,4.646,7550720.000
42,1,3,4.646,18014398509481984.000
42,2,0,4.646,0.023
42,2,1,4.646,7550368.000
42,2,2,4.646,0.000
42,2,3,4.646,-7550272.000
42,3,0,4.646,7550515.521
42,3,1,4.646,0.000
42,3,2,4.646,-7550656.000
42,3,3,4.646,0.000
43,0,0,4.755,0.000
43,0,1,4.755,-38315210.066
43,0,2,4.755,0.023
43,0,3,4.755,38315210.109
43,1,0,4.755,-38315210.082
43,1,1,4.755,0.000
43,1,2,4.755,38311936.000
43,1,3,4.755,576460752303423488.000
43,2,0,4.755,0.023
43,2,1,4.755,38319616.000
43,2,2,4.755,0.000
43,2,3,4.755,-38319104.000
43,3,0,4.755,38315210.141
43,3,1,4.755,0.000
43,3,2,4.755,-38310400.000
43,3,3,4.755,0.000
44,0,0,4.815,0.000
44,0,1,4.815,-28231161.299
44,0,2,4.815,0.023
44,0,3,4.815,28231161.334
44,1,0,4.815,-28231161.199
44,1,1,4.815,0.000
44,1,2,4.815,28234240.000
44,1,3,4.815,-1152921504606846976.000
44,2,0,4.815,0.023
44,2,1,4.815,28223488.000
44,2,2,4.815,0.000
44,2,3,4.815,-28225536.000
44,3,0,4.815,28231161.234
44,3,1,4.815,0.000
44,3,2,4.815,-28227584.000
44,3,3,4.815,0.000
45,0,0,4.876,0.000
45,0,1,4.876,-21222338.232
45,0,2,4.876,0.023
45,0,3,4.876,21222338.215
45,1,0,4.876,-21222338.273
45,1,1,4.876,0.000
45,1,2,4.876,21218816.000
45,1,3,4.876,-4611686018427387904.000
45,2,0,4.876,0.023
45,2,1,4.876,21229056.000
45,2,2,4.876,0.000
45,2,3,4.876,-21225984.000
45,3,0,4.876,21222338.289
45,3,1,4.876,6917529027641081856.000
45,3,2,4.876,-21213184.000
45,3,3,4.876,0.000
46,0,0,4.984,0.000
46,0,1,4.984,-104772345.312
46,0,2,4.984,0.023
46,0,3,4.984,104772345.250
46,1,0,4.984,-104772344.844
46,1,1,4.984,0.000
46,1,2,4.984,104898560.000
46,1,3,4.984,36893488147419103232.000
46,2,0,4.984,0.023
46,2,1,4.984,104693760.000
46,2,2,4.984,0.000
46,2,3,4.984,-104669184.000
46,3,0,4.984,104772344.938
46,3,1,4.984,110680464442257309696.000
46,3,2,4.984,-104906752.000
46,3,3,4.984,0.000
47,0,0,5.091,0.000
47,0,1,5.091,-509419151.250
47,0,2,5.091,0.023
47,0,3,5.091,509419152.500
47,1,0,5.091,-509419158.500
47,1,1,5.091,0.000
47,1,2,5.091,507379712.000
47,1,3,5.091,2361183241434822606848.000
47,2,0,5.091,0.023
47,2,1,5.091,511311872.000
47,2,2,5.091,0.000
47,2,3,5.091,-511705088.000
47,3,0,5.091,509419156.750
47,3,1,5.091,-5902958103587056517120.000
47,3,2,5.091,-507248640.000
47,3,3,5.091,0.000
48,0,0,5.152,0.000
48,0,1,5.152,-390105364.000
48,0,2,5.152,0.023
48,0,3,5.152,390105361.750
48,1,0,5.152,-390105364.500
48,1,1,5.152,0.000
48,1,2,5.152,391249920.000
48,1,3,5.152,-9444732965739290427392.000
48,2,0,5.152,0.023
48,2,1,5.152,388104192.000
48,2,2,5.152,0.000
48,2,3,5.152,-387973120.000
48,3,0,5.152,390105360.750
48,3,1,5.152,9444732965739290427392.000
48,3,2,5.152,-390856704.000
48,3,3,5.152,0.000
49,0,0,5.214,0.000
49,0,1,5.214,-304456413.000
49,0,2,5.214,0.023
49,0,3,5.214,304456409.250
49,1,0,5.214,-304456419.875
49,1,1,5.214,0.000
49,1,2,5.214,303955968.000
49,1,3,5.214,-9444732965739290427392.000
49,2,0,5.214,0.023
49,2,1,5.214,305922048.000
49,2,2,5.214,0.000
49,2,3,5.214,-306315264.000
49,3,0,5.214,304456410.750
49,3,1,5.214,18889465931478580854784.000
49,3,2,5.214,-303824896.000
49,3,3,5.214,0.000
50,0,0,5.320,0.000
50,0,1,5.320,-1442925066.000
50,0,2,5.320,0.023
50,0,3,5.320,1442925070.000
50,1,0,5.320,-1442925016.000
50,1,1,5.320,0.000
50,1,2,5.320,1470103552.000
50,1,3,5.320,151115727451828646838272.000
50,2,0,5.320,0.023
50,2,1,5.320,1415577600.000
50,2,2,5.320,0.000
50,2,3,5.320,-1415577600.000
50,3,0,5.320,1442925010.000
50,3,1,5.320,-302231454903657293676544.000
50,3,2,5.320,-1472200704.000
50,3,3,5.320,0.000
51,0,0,5.425,0.000
51,0,1,5.425,-6741136960.000
51,0,2,5.425,0.023
51,0,3,5.425,6741137152.000
51,1,0,5.425,-6741137536.000
51,1,1,5.425,0.000
51,1,2,5.425,6408896512.000
51,1,3,5.425,0.000
51,2,0,5.425,0.023
51,2,1,5.425,7180648448.000
51,2,2,5.425,0.000
51,2,3,5.425,-7079985152.000
51,3,0,5.425,6741137600.000
51,3,1,5.425,0.000
51,3,2,5.425,-6408896512.000
51,3,3,5.425,0.000
52,0,0,5.487,0.000
52,0,1,5.487,-5351963104.000
52,0,2,5.487,0.023
52,0,3,5.487,5351962624.000
52,1,0,5.487,-5351961984.000
52,1,1,5.487,0.000
52,1,2,5.487,5637144576.000
52,1,3,5.487,0.000
52,2,0,5.487,0.023
52,2,1,5.487,4731174912.000
52,2,2,5.487,0.000
52,2,3,5.487,-4630511616.000
52,3,0,5.487,5351962112.000
52,3,1,5.487,0.000
52,3,2,5.487,-5872025600.000
52,3,3,5.487,0.000
53,0,0,5.549,0.000
53,0,1,5.549,-4326249232.000
53,0,2,5.549,0.023
53,0,3,5.549,4326249536.000
53,1,0,5.549,-4326250384.000
53,1,1,5.549,0.000
53,1,2,5.549,3690987520.000
53,1,3,5.549,38685626227668133590597632.000
53,2,0,5.549,0.023
53,2,1,5.549,4395630592.000
53,2,2,5.549,0.000
53,2,3,5.549,-4697620480.000
53,3,0,5.549,4326250608.000
53,3,1,5.549,-19342813113834066795298816.000
53,3,2,5.549,-4060086272.000
53,3,3,5.549,0.000
54,0,0,5.653,0.000
54,0,1,5.653,-19735034624.000
54,0,2,5.653,0.023
54,0,3,5.653,19735033600.000
54,1,0,5.653,-19735030784.000
54,1,1,5.653,0.000
54,1,2,5.653,27917287424.000
54,1,3,5.653,-309485009821345068724781056.000
54,2,0,5.653,0.023
54,2,1,5.653,9663676416.000
54,2,2,5.653,0.000
54,2,3,5.653,-8589934592.000
54,3,0,5.653,19735031808.000
54,3,1,5.653,-1237940039285380274899124224.000
54,3,2,5.653,-32212254720.000
54,3,3,5.653,0.000
55,0,0,5.757,0.000
55,0,1,5.757,-88816398336.000
55,0,2,5.757,0.023
55,0,3,5.757,88816414720.000
55,1,0,5.757,-88816439296.000
55,1,1,5.757,0.000
55,1,2,5.757,-17179869184.000
55,1,3,5.757,-39614081257132168796771975168.000
55,2,0,5.757,0.023
55,2,1,5.757,180388626432.000
55,2,2,5.757,0.000
55,2,3,5.757,-163208757248.000
55,3,0,5.757,88816457728.000
55,3,1,5.757,-19807040628566084398385987584.000
55,3,2,5.757,42949672960.000
55,3,3,5.757,0.000
56,0,0,5.820,0.000
56,0,1,5.820,-72945422336.000
56,0,2,5.820,0.023
56,0,3,5.820,72945442816.000
56,1,0,5.820,-72945381376.000
56,1,1,5.820,0.000
56,1,2,5.820,257698037760.000
56,1,3,5.820,-79228162514264337593543950336.000
56,2,0,5.820,0.023
56,2,1,5.820,-197568495616.000
56,2,2,5.820,0.000
56,2,3,5.820,146028888064.000
56,3,0,5.820,72945387520.000
56,3,1,5.820,19807040628566084398385987584.000
56,3,2,5.820,-180388626432.000
56,3,3,5.820,0.000
57,0,0,5.882,0.000
57,0,1,5.882,-60945433600.000
57,0,2,5.882,0.023
57,0,3,5.882,60945462272.000
57,1,0,5.882,-60945427456.000
57,1,1,5.882,0.000
57,1,2,5.882,-34359738368.000
57,1,3,5.882,0.000
57,2,0,5.882,0.023
57,2,1,5.882,154618822656.000
57,2,2,5.882,0.000
57,2,3,5.882,-180388626432.000
57,3,0,5.882,60945437696.000
57,3,1,5.882,-79228162514264337593543950336.000
57,3,2,5.882,68719476736.000
57,3,3,5.882,0.000
58,0,0,5.985,0.000
58,0,1,5.985,-268231458816.000
58,0,2,5.985,0.023
58,0,3,5.985,268231557120.000
58,1,0,5.985,-268231016448.000
58,1,1,5.985,0.000
58,1,2,5.985,2886218022912.000
58,1,3,5.985,0.000
58,2,0,5.985,0.023
58,2,1,5.985,-1924145348608.000
58,2,2,5.985,0.000
58,2,3,5.985,2336462209024.000
58,3,0,5.985,268231016448.000
58,3,1,5.985,0.000
58,3,2,5.985,-2611340115968.000
58,3,3,5.985,0.000
59,0,0,6.088,0.000
59,0,1,6.088,-1165528268800.000
59,0,2,6.088,0.023
59,0,3,6.088,1165528530944.000
59,1,0,6.088,-1165532594176.000
59,1,1,6.088,0.000
59,1,2,6.088,-39582418599936.000
59,1,3,6.088,-40564819207303340847894502572032.000
59,2,0,6.088,0.023
59,2,1,6.088,30786325577728.000
59,2,2,6.088,0.000
59,2,3,6.088,-28587302322176.000
59,3,0,6.088,1165532463104.000
59,3,1,6.088,0.000
59,3,2,6.088,30786325577728.000
59,3,3,6.088,0.000
60,0,0,6.151,0.000
60,0,1,6.151,-988333998080.000
60,0,2,6.151,0.023
60,0,3,6.151,988336619520.000
60,1,0,6.151,-988330459136.000
60,1,1,6.151,0.000
60,1,2,6.151,39582418599936.000
60,1,3,6.151,-162259276829213363391578010288128.000
60,2,0,6.151,0.023
60,2,1,6.151,-30786325577728.000
60,2,2,6.151,0.000
60,2,3,6.151,32985348833280.000
60,3,0,6.151,988332163072.000
60,3,1,6.151,81129638414606681695789005144064.000
60,3,2,6.151,-48378511622144.000
60,3,3,6.151,0.000
61,0,0,6.213,0.000
61,0,1,6.213,-851870056448.000
61,0,2,6.213,0.023
61,0,3,6.213,851872546816.000
61,1,0,6.213,-851870089216.000
61,1,1,6.213,0.000
61,1,2,6.213,-36283883716608.000
61,1,3,6.213,-162259276829213363391578010288128.000
61,2,0,6.213,0.023
61,2,1,6.213,46179488366592.000
61,2,2,6.213,0.000
61,2,3,6.213,-38482906972160.000
61,3,0,6.213,851875856384.000
61,3,1,6.213,162259276829213363391578010288128.000
61,3,2,6.213,25288767438848.000
61,3,3,6.213,0.000
62,0,0,6.315,0.000
62,0,1,6.315,-3625080324096.000
62,0,2,6.315,0.023
62,0,3,6.315,3625083469824.000
62,1,0,6.315,-3625035235328.000
62,1,1,6.315,0.000
62,1,2,6.315,818036651065344.000
62,1,3,6.315,-5192296858534827628530496329220096.000
62,2,0,6.315,0.023
62,2,1,6.315,-897201488265216.000
62,2,2,6.315,0.000
62,2,3,6.315,844424930131968.000
62,3,0,6.315,3625039429632.000
62,3,1,6.315,5192296858534827628530496329220096.000
62,3,2,6.315,-791648371998720.000
62,3,3,6.315,0.000
63,0,0,6.417,0.000
63,0,1,6.417,-15239819034624.000
63,0,2,6.417,0.023
63,0,3,6.417,15239793868800.000
63,1,0,6.417,-15240037138432.000
63,1,1,6.417,0.000
63,1,2,6.417,-9288674231451648.000
63,1,3,6.417,-83076749736557242056487941267521536.000
63,2,0,6.417,0.023
63,2,1,6.417,9570149208162304.000
63,2,2,6.417,0.000
63,2,3,6.417,-10977524091715584.000
63,3,0,6.417,15239978418176.000
63,3,1,6.417,-166153499473114484112975882535043072.000
63,3,2,6.417,9288674231451648.000
63,3,3,6.417,0.000
64,0,0,6.480,0.000
64,0,1,6.480,-13318953631744.000
64,0,2,6.480,0.023
64,0,3,6.480,13318920077312.000
64,1,0,6.480,-13318630670336.000
64,1,1,6.480,0.000
64,1,2,6.480,13510798882111488.000
64,1,3,6.480,0.000
64,2,0,6.480,0.023
64,2,1,6.480,-16888498602639360.000
64,2,2,6.480,0.000
64,2,3,6.480,16888498602639360.000
64,3,0,6.480,13318664224768.000
64,3,1,6.480,-166153499473114484112975882535043072.000
64,3,2,6.480,-10133099161583616.000
64,3,3,6.480,0.000
65,0,0,6.543,0.000
65,0,1,6.543,-11822971224064.000
65,0,2,6.543,0.023
65,0,3,6.543,11822904115200.000
65,1,0,6.543,-11823340322816.000
65,1,1,6.543,0.000
65,1,2,6.543,-4503599627370496.000
65,1,3,6.543,-1329227995784915872903807060280344576.000
65,2,0,6.543,0.023
65,2,1,6.543,2251799813685248.000
65,2,2,6.543,0.000
65,2,3,6.543,-4503599627370496.000
65,3,0,6.543,11823239659520.000
65,3,1,6.543,996920996838686904677855295210258432.000
65,3,2,6.543,13510798882111488.000
65,3,3,6.543,0.000
66,0,0,6.644,0.000
66,0,1,6.644,-48740547166208.000
66,0,2,6.644,0.023
66,0,3,6.644,48740043849728.000
66,1,0,6.644,-48737267220480.000
66,1,1,6.644,0.000
66,1,2,6.644,288230376151711744.000
66,1,3,6.644,-10633823966279326983230456482242756608.000
66,2,0,6.644,0.023
66,2,1,6.644,-252201579132747776.000
66,2,2,6.644,0.000
66,2,3,6.644,288230376151711744.000
66,3,0,6.644,48737812480000.000
66,3,1,6.644,-10633823966279326983230456482242756608.000
66,3,2,6.644,-360287970189639680.000
66,3,3,6.644,0.000
67,0,0,6.744,0.000
67,0,1,6.744,-198595529670656.000
67,0,2,6.744,0.023
67,0,3,6.744,198606803959808.000
67,1,0,6.744,-198622373216256.000
67,1,1,6.744,0.000
67,1,2,6.744,0.000
67,1,3,6.744,-510423550381407695195061911147652317184.000
67,2,0,6.744,0.023
67,2,1,6.744,2882303761517117440.000
67,2,2,6.744,0.000
67,2,3,6.744,-2305843009213693952.000
67,3,0,6.744,198624520699904.000
67,3,1,6.744,0.000
67,3,2,6.744,1152921504606846976.000
67,3,3,6.744,0.000
68,0,0,6.808,0.000
68,0,1,6.808,-178623394873344.000
68,0,2,6.808,0.023
68,0,3,6.808,178614268067840.000
68,1,0,6.808,-178613194326016.000
68,1,1,6.808,0.000
68,1,2,6.808,9223372036854775808.000
68,1,3,6.808,-680564733841876926926749214863536422912.000
68,2,0,6.808,0.023
68,2,1,6.808,-10376293541461622784.000
68,2,2,6.808,0.000
68,2,3,6.808,8070450532247928832.000
68,3,0,6.808,178594403844096.000
68,3,1,6.808,0.000
68,3,2,6.808,-10376293541461622784.000
68,3,3,6.808,0.000
69,0,0,6.871,0.000
69,0,1,6.871,-163079908229120.000
69,0,2,6.871,0.023
69,0,3,6.871,163086350680064.000
69,1,0,6.871,-163107825516544.000
69,1,1,6.871,0.000
69,1,2,6.871,-23058430092136939520.000
69,1,3,6.871,1361129467683753853853498429727072845824.000
69,2,0,6.871,0.023
69,2,1,6.871,27670116110564327424.000
69,2,2,6.871,0.000
69,2,3,6.871,-34587645138205409280.000
69,3,0,6.871,163097088098304.000
69,3,1,6.871,-1361129467683753853853498429727072845824.000
69,3,2,6.871,9223372036854775808.000
69,3,3,6.871,0.000
70,0,0,6.971,0.000
70,0,1,6.971,-652336812785664.000
70,0,2,6.971,0.023
70,0,3,6.971,652130654355456.000
70,1,0,6.971,-652096294617088.000
70,1,1,6.971,0.000
70,1,2,6.971,73786976294838206464.000
70,1,3,6.971,43556142965880123323311949751266331066368.000
70,2,0,6.971,0.023
70,2,1,6.971,-147573952589676412928.000
70,2,2,6.971,0.000
70,2,3,6.971,110680464442257309696.000
70,3,0,6.971,652079114747904.000
70,3,1,6.971,21778071482940061661655974875633165533184.000
70,3,2,6.971,36893488147419103232.000
70,3,3,6.971,0.000
71,0,0,7.070,0.000
71,0,1,7.070,-2579454278762496.000
71,0,2,7.070,0.023
71,0,3,7.070,2578354767134720.000
71,1,0,7.070,-2584951836901376.000
71,1,1,7.070,0.000
71,1,2,7.070,590295810358705651712.000
71,1,3,7.070,-696898287454081973172991196020261297061888.000
71,2,0,7.070,0.023
71,2,1,7.070,1180591620717411303424.000
71,2,2,7.070,0.000
71,2,3,7.070,-590295810358705651712.000
71,3,0,7.070,2583577447366656.000
71,3,1,7.070,1393796574908163946345982392040522594123776.000
71,3,2,7.070,-590295810358705651712.000
71,3,3,7.070,0.000
72,0,0,7.134,0.000
72,0,1,7.134,-2388139255529472.000
72,0,2,7.134,0.023
72,0,3,7.134,2381817063669760.000
72,1,0,7.134,-2391987546226688.000
72,1,1,7.134,0.000
72,1,2,7.134,590295810358705651712.000
72,1,3,7.134,-1393796574908163946345982392040522594123776.000
72,2,0,7.134,0.023
72,2,1,7.134,0.000
72,2,2,7.134,0.000
72,2,3,7.134,590295810358705651712.000
72,3,0,7.134,2382916575297536.000
72,3,1,7.134,4181389724724491839037947176121567782371328.000
72,3,2,7.134,-1770887431076116955136.000
72,3,3,7.134,0.000
73,0,0,7.198,0.000
73,0,1,7.198,-2241354453221376.000
73,0,2,7.198,0.023
73,0,3,7.198,2234757383454720.000
73,1,0,7.198,-2250150546243584.000
73,1,1,7.198,0.000
73,1,2,7.198,2361183241434822606848.000
73,1,3,7.198,-2787593149816327892691964784081045188247552.000
73,2,0,7.198,0.023
73,2,1,7.198,-4722366482869645213696.000
73,2,2,7.198,0.000
73,2,3,7.198,7083549724304467820544.000
73,3,0,7.198,2242453964849152.000
73,3,1,7.198,5575186299632655785383929568162090376495104.000
73,3,2,7.198,-4722366482869645213696.000
73,3,3,7.198,0.000
74,0,0,7.297,0.000
74,0,1,7.297,-8716928185008128.000
74,0,2,7.297,0.023
74,0,3,7.297,8716928185008128.000
74,1,0,7.297,-8703734045474816.000
74,1,1,7.297,0.000
74,1,2,7.297,94447329657392904273920.000
74,1,3,7.297,-89202980794122492566142873090593446023921664.000
74,2,0,7.297,0.023
74,2,1,7.297,75557863725914323419136.000
74,2,2,7.297,0.000
74,2,3,7.297,-113336795588871485128704.000
74,3,0,7.297,8730122324541440.000
74,3,1,7.297,178405961588244985132285746181186892047843328.000
74,3,2,7.297,37778931862957161709568.000
74,3,3,7.297,0.000
75,0,0,7.395,0.000
75,0,1,7.395,-33530706600656896.000
75,0,2,7.395,0.023
75,0,3,7.395,33671444089012224.000
75,1,0,7.395,-33917734693634048.000
75,1,1,7.395,0.000
75,1,2,7.395,604462909807314587353088.000
75,1,3,7.395,0.000
75,2,0,7.395,0.023
75,2,1,7.395,-906694364710971881029632.000
75,2,2,7.395,0.000
75,2,3,7.395,906694364710971881029632.000
75,3,0,7.395,33882550321545216.000
75,3,1,7.395,-2854495385411919762116571938898990272765493248.000
75,3,2,7.395,-604462909807314587353088.000
75,3,3,7.395,0.000
76,0,0,7.460,0.000
76,0,1,7.460,-31102984926527488.000
76,0,2,7.460,0.023
76,0,3,7.460,32369622321725440.000
76,1,0,7.460,-32228884833370112.000
76,1,1,7.460,0.000
76,1,2,7.460,604462909807314587353088.000
76,1,3,7.460,0.000
76,2,0,7.460,0.023
76,2,1,7.460,-1208925819614629174706176.000
76,2,2,7.460,0.000
76,2,3,7.460,2417851639229258349412352.000
76,3,0,7.460,31877041112481792.000
76,3,1,7.460,-2854495385411919762116571938898990272765493248.000
76,3,2,7.460,-1813388729421943762059264.000
76,3,3,7.460,0.000
77,0,0,7.524,0.000
77,0,1,7.524,-31947409856659456.000
77,0,2,7.524,0.023
77,0,3,7.524,33354784740212736.000
77,1,0,7.524,-29554872554618880.000
77,1,1,7.524,0.000
77,1,2,7.524,1208925819614629174706176.000
77,1,3,7.524,22835963083295358096932575511191922182123945984.000
77,2,0,7.524,0.023
77,2,1,7.524,3626777458843887524118528.000
77,2,2,7.524,0.000
77,2,3,7.524,-2417851639229258349412352.000
77,3,0,7.524,29695610042974208.000
77,3,1,7.524,-22835963083295358096932575511191922182123945984.000
77,3,2,7.524,3626777458843887524118528.000
77,3,3,7.524,0.000
78,0,0,7.622,0.000
78,0,1,7.622,-122723089845846016.000
78,0,2,7.622,0.023
78,0,3,7.622,120471290032160768.000
78,1,0,7.622,-118219490218475520.000
78,1,1,7.622,0.000
78,1,2,7.622,0.000
78,1,3,7.622,-182687704666362864775460604089535377456991567872.000
78,2,0,7.622,0.023
78,2,1,7.622,0.000
78,2,2,7.622,0.000
78,2,3,7.622,19342813113834066795298816.000
78,3,0,7.622,118219490218475520.000
78,3,1,7.622,0.000
78,3,2,7.622,0.000
78,3,3,7.622,0.000
79,0,0,7.719,0.000
79,0,1,7.719,-504403158265495552.000
79,0,2,7.719,0.023
79,0,3,7.719,486388759756013568.000
79,1,0,7.719,-495395959010754560.000
79,1,1,7.719,0.000
79,1,2,7.719,-618970019642690137449562112.000
79,1,3,7.719,0.000
79,2,0,7.719,0.023
79,2,1,7.719,-618970019642690137449562112.000
79,2,2,7.719,0.000
79,2,3,7.719,-464227514732017603087171584.000
79,3,0,7.719,369295169444380672.000
79,3,1,7.719,-5846006549323611672814739330865132078623730171904.000
79,3,2,7.719,309485009821345068724781056.000
79,3,3,7.719,0.000
80,0,0,7.784,0.000
80,0,1,7.784,-387309567953862656.000
80,0,2,7.784,0.023
80,0,3,7.784,405323966463344640.000
80,1,0,7.784,-531424756029718528.000
80,1,1,7.784,0.000
80,1,2,7.784,1237940039285380274899124224.000
80,1,3,7.784,0.000
80,2,0,7.784,0.023
80,2,1,7.784,0.000
80,2,2,7.784,0.000
80,2,3,7.784,928455029464035206174343168.000
80,3,0,7.784,459367161991790592.000
80,3,1,7.784,-11692013098647223345629478661730264157247460343808.000
80,3,2,7.784,-928455029464035206174343168.000
80,3,3,7.784,0.000
81,0,0,7.849,0.000
81,0,1,7.849,-828662331436171264.000
81,0,2,7.849,0.023
81,0,3,7.849,882705526964617216.000
81,1,0,7.849,-72057594037927936.000
81,1,1,7.849,0.000
81,1,2,7.849,3094850098213450687247810560.000
81,1,3,7.849,-46768052394588893382517914646921056628989841375232.000
81,2,0,7.849,0.023
81,2,1,7.849,1856910058928070412348686336.000
81,2,2,7.849,0.000
81,2,3,7.849,-618970019642690137449562112.000
81,3,0,7.849,-18014398509481984.000
81,3,1,7.849,23384026197294446691258957323460528314494920687616.000
81,3,2,7.849,-3713820117856140824697372672.000
81,3,3,7.849,0.000
82,0,0,7.946,0.000
82,0,1,7.946,-3026418949592973312.000
82,0,2,7.946,0.023
82,0,3,7.946,2161727821137838080.000
82,1,0,7.946,-3458764513820540928.000
82,1,1,7.946,0.000
82,1,2,7.946,-49517601571415210995964968960.000
82,1,3,7.946,374144419156711147060143317175368453031918731001856.000
82,2,0,7.946,0.023
82,2,1,7.946,39614081257132168796771975168.000
82,2,2,7.946,0.000
82,2,3,7.946,-59421121885698253195157962752.000
82,3,0,7.946,2017612633061982208.000
82,3,1,7.946,0.000
82,3,2,7.946,19807040628566084398385987584.000
82,3,3,7.946,0.000
83,0,0,8.042,0.000
83,0,1,8.042,-14987979559889010688.000
83,0,2,8.042,0.023
83,0,3,8.042,3458764513820540928.000
83,1,0,8.042,3458764513820540928.000
83,1,1,8.042,0.000
83,1,2,8.042,316912650057057350374175801344.000
83,1,3,8.042,23945242826029513411849172299223580994042798784118784.000
83,2,0,8.042,0.023
83,2,1,8.042,-633825300114114700748351602688.000
83,2,2,8.042,0.000
83,2,3,8.042,316912650057057350374175801344.000
83,3,0,8.042,0.000
83,3,1,8.042,-11972621413014756705924586149611790497021399392059392.000
83,3,2,8.042,0.000
83,3,3,8.042,0.000
84,0,0,8.107,0.000
84,0,1,8.107,-36893488147419103232.000
84,0,2,8.107,0.023
84,0,3,8.107,16140901064495857664.000
84,1,0,8.107,-4611686018427387904.000
84,1,1,8.107,0.000
84,1,2,8.107,-633825300114114700748351602688.000
84,1,3,8.107,23945242826029513411849172299223580994042798784118784.000
84,2,0,8.107,0.023
84,2,1,8.107,-316912650057057350374175801344.000
84,2,2,8.107,0.000
84,2,3,8.107,0.000
84,3,0,8.107,18446744073709551616.000
84,3,1,8.107,0.000
84,3,2,8.107,1901475900342344102245054808064.000
84,3,3,8.107,0.000
85,0,0,8.173,0.000
85,0,1,8.173,-9223372036854775808.000
85,0,2,8.173,0.023
85,0,3,8.173,-59951918239556042752.000
85,1,0,8.173,27670116110564327424.000
85,1,1,8.173,0.000
85,1,2,8.173,1901475900342344102245054808064.000
85,1,3,8.173,47890485652059026823698344598447161988085597568237568.000
85,2,0,8.173,0.024
85,2,1,8.173,1267650600228229401496703205376.000
85,2,2,8.173,0.000
85,2,3,8.173,633825300114114700748351602688.000
85,3,0,8.173,-78398662313265594368.000
85,3,1,8.173,-191561942608236107294793378393788647952342390272950272.000
85,3,2,8.173,633825300114114700748351602688.000
85,3,3,8.173,0.000
86,0,0,8.268,0.000
86,0,1,8.268,295147905179352825856.000
86,0,2,8.268,0.024
86,0,3,8.268,-221360928884514619392.000
86,1,0,8.268,36893488147419103232.000
86,1,1,8.268,0.000
86,1,2,8.268,-25353012004564588029934064107520.000
86,1,3,8.268,1532495540865888858358347027150309183618739122183602176.000
86,2,0,8.268,0.022
86,2,1,8.268,35494216806390423241907689750528.000
86,2,2,8.268,0.000
86,2,3,8.268,-30423614405477505635920876929024.000
86,3,0,8.268,-147573952589676412928.000
86,3,1,8.268,0.000
86,3,2,8.268,40564819207303340847894502572032.000
86,3,3,8.268,0.000
87,0,0,8.364,0.000
87,0,1,8.364,-590295810358705651712.000
87,0,2,8.364,0.016
87,0,3,8.364,1770887431076116955136.000
87,1,0,8.364,2656331146614175432704.000
87,1,1,8.364,0.000
87,1,2,8.364,-81129638414606681695789005144064.000
87,1,3,8.364,73559785961562665201200657303214840813699477864812904448.000
87,2,0,8.364,0.016
87,2,1,8.364,-162259276829213363391578010288128.000
87,2,2,8.364,0.000
87,2,3,8.364,243388915243820045087367015432192.000
87,3,0,8.364,-3246626956972881084416.000
87,3,1,8.364,-24519928653854221733733552434404946937899825954937634816.000
87,3,2,8.364,-162259276829213363391578010288128.000
87,3,3,8.364,0.000
88,0,0,8.430,0.000
88,0,1,8.430,0.000
88,0,2,8.430,0.023
88,0,3,8.430,4722366482869645213696.000
88,1,0,8.430,-7673845534663173472256.000
88,1,1,8.430,0.000
88,1,2,8.430,-1460333491462920270524202092593152.000
88,1,3,8.430,0.000
88,2,0,8.430,-0.001
88,2,1,8.430,162259276829213363391578010288128.000
88,2,2,8.430,0.000
88,2,3,8.430,-973555660975280180349468061728768.000
88,3,0,8.430,4722366482869645213696.000
88,3,1,8.430,0.000
88,3,2,8.430,649037107316853453566312041152512.000
88,3,3,8.430,0.000
89,0,0,8.495,0.000
89,0,1,8.495,-8264141345021879123968.000
89,0,2,8.495,0.035
89,0,3,8.495,9444732965739290427392.000
89,1,0,8.495,11805916207174113034240.000
89,1,1,8.495,0.000
89,1,2,8.495,-649037107316853453566312041152512.000
89,1,3,8.495,0.000
89,2,0,8.495,0.002
89,2,1,8.495,-973555660975280180349468061728768.000
89,2,2,8.495,0.000
89,2,3,8.495,649037107316853453566312041152512.000
89,3,0,8.495,-9444732965739290427392.000
89,3,1,8.495,-196159429230833773869868419475239575503198607639501078528.000
89,3,2,8.495,-973555660975280180349468061728768.000
89,3,3,8.495,0.000
90,0,0,8.590,0.000
90,0,1,8.590,0.000
90,0,2,8.590,0.062
90,0,3,8.590,0.000
90,1,0,8.590,4722366482869645213696.000
90,1,1,8.590,0.000
90,1,2,8.590,5192296858534827628530496329220096.000
90,1,3,8.590,-3138550867693340381917894711603833208051177722232017256448.000
90,2,0,8.590,-0.031
90,2,1,8.590,10384593717069655257060992658440192.000
90,2,2,8.590,0.000
90,2,3,8.590,-5192296858534827628530496329220096.000
90,3,0,8.590,-14167099448608935641088.000
90,3,1,8.590,0.000
90,3,2,8.590,-5192296858534827628530496329220096.000
90,3,3,8.590,0.000
91,0,0,8.685,0.000
91,0,1,8.685,-264452523040700131966976.000
91,0,2,8.685,-0.188
91,0,3,8.685,-75557863725914323419136.000
91,1,0,8.685,151115727451828646838272.000
91,1,1,8.685,0.000
91,1,2,8.685,249230249209671726169463823802564608.000
91,1,3,8.685,0.000
91,2,0,8.685,0.250
91,2,1,8.685,-41538374868278621028243970633760768.000
91,2,2,8.685,0.000
91,2,3,8.685,0.000
91,3,0,8.685,-491126114218443102224384.000
91,3,1,8.685,-50216813883093446110686315385661331328818843555712276103168.000
91,3,2,8.685,-207691874341393105141219853168803840.000
91,3,3,8.685,0.000
92,0,0,8.751,0.000
92,0,1,8.751,-1813388729421943762059264.000
92,0,2,8.751,-0.438
92,0,3,8.751,1360041547066457821544448.000
92,1,0,8.751,-1133367955888714851287040.000
92,1,1,8.751,0.000
92,1,2,8.751,415383748682786210282439706337607680.000
92,1,3,8.751,0.000
92,2,0,8.751,-0.562
92,2,1,8.751,-249230249209671726169463823802564608.000
92,2,2,8.751,0.000
92,2,3,8.751,-166153499473114484112975882535043072.000
92,3,0,8.751,-151115727451828646838272.000
92,3,1,8.751,0.000
92,3,2,8.751,-415383748682786210282439706337607680.000
92,3,3,8.751,0.000
93,0,0,8.817,0.000
93,0,1,8.817,-3777893186295716170956800.000
93,0,2,8.817,0.875
93,0,3,8.817,1964504456873772408897536.000
93,1,0,8.817,-5591281915717659933016064.000
93,1,1,8.817,0.000
93,1,2,8.817,-332306998946228968225951765070086144.000
93,1,3,8.817,803469022129495137770981046170581301261101496891396417650688.000
93,2,0,8.817,0.125
93,2,1,8.817,-664613997892457936451903530140172288.000
93,2,2,8.817,0.000
93,2,3,8.817,996920996838686904677855295210258432.000
93,3,0,8.817,3929008913747544817795072.000
93,3,1,8.817,0.000
93,3,2,8.817,-498460498419343452338927647605129216.000
93,3,3,8.817,0.000
94,0,0,8.912,0.000
94,0,1,8.912,6044629098073145873530880.000
94,0,2,8.912,5.500
94,0,3,8.912,-2417851639229258349412352.000
94,1,0,8.912,-6044629098073145873530880.000
94,1,1,8.912,0.000
94,1,2,8.912,-2658455991569831745807614120560689152.000
94,1,3,8.912,-6427752177035961102167848369364650410088811975131171341205504.000
94,2,0,8.912,1.000
94,2,1,8.912,-2658455991569831745807614120560689152.000
94,2,2,8.912,0.000
94,2,3,8.912,5316911983139663491615228241121378304.000
94,3,0,8.912,6044629098073145873530880.000
94,3,1,8.912,-6427752177035961102167848369364650410088811975131171341205504.000
94,3,2,8.912,0.000
94,3,3,8.912,0.000
95,0,0,9.006,0.000
95,0,1,9.006,9671406556917033397649408.000
95,0,2,9.006,-32.000
95,0,3,9.006,0.000
95,1,0,9.006,29014219670751100192948224.000
95,1,1,9.006,0.000
95,1,2,9.006,-42535295865117307932921825928971026432.000
95,1,3,9.006,205688069665150755269371147819668813122841983204197482918576128.000
95,2,0,9.006,12.000
95,2,1,9.006,21267647932558653966460912964485513216.000
95,2,2,9.006,0.000
95,2,3,9.006,-63802943797675961899382738893456539648.000
95,3,0,9.006,38685626227668133590597632.000
95,3,1,9.006,0.000
95,3,2,9.006,42535295865117307932921825928971026432.000
95,3,3,9.006,0.000
96,0,0,9.072,0.000
96,0,1,9.072,96714065569170333976494080.000
96,0,2,9.072,-2.000
96,0,3,9.072,-19342813113834066795298816.000
96,1,0,9.072,29014219670751100192948224.000
96,1,1,9.072,0.000
96,1,2,9.072,170141183460469231731687303715884105728.000
96,1,3,9.072,0.000
96,2,0,9.072,-18.000
96,2,1,9.072,127605887595351923798765477786913079296.000
96,2,2,9.072,0.000
96,2,3,9.072,-85070591730234615865843651857942052864.000
96,3,0,9.072,183756724581423634555338752.000
96,3,1,9.072,0.000
96,3,2,9.072,-170141183460469231731687303715884105728.000
96,3,3,9.072,0.000
97,0,0,9.138,0.000
97,0,1,9.138,-270799383593676935134183424.000
97,0,2,9.138,-20.000
97,0,3,9.138,193428131138340667952988160.000
97,1,0,9.138,-425541888504349469496573952.000
97,1,1,9.138,0.000
97,1,2,9.138,340282366920938463463374607431768211456.000
97,1,3,9.138,1645504557321206042154969182557350504982735865633579863348609024.000
97,2,0,9.138,-12.000
97,2,1,9.138,-170141183460469231731687303715884105728.000
97,2,2,9.138,0.000
97,2,3,9.138,170141183460469231731687303715884105728.000
97,3,0,9.138,309485009821345068724781056.000
97,3,1,9.138,-1645504557321206042154969182557350504982735865633579863348609024.000
97,3,2,9.138,170141183460469231731687303715884105728.000
97,3,3,9.138,0.000
98,0,0,9.232,0.000
98,0,1,9.232,-2166395068749415481073467392.000
98,0,2,9.232,256.000
98,0,3,9.232,618970019642690137449562112.000
98,1,0,9.232,-1547425049106725343623905280.000
98,1,1,9.232,0.000
98,1,2,9.232,0.000
98,1,3,9.232,26328072917139296674479506920917608079723773850137277813577744384.000
98,2,0,9.232,64.000
98,2,1,9.232,0.000
98,2,2,9.232,0.000
98,2,3,9.232,0.000
98,3,0,9.232,309485009821345068724781056.000
98,3,1,9.232,-52656145834278593348959013841835216159447547700274555627155488768.000
98,3,2,9.232,-1361129467683753853853498429727072845824.000
98,3,3,9.232,0.000
99,0,0,9.326,0.000
99,0,1,9.326,-2475880078570760549798248448.000
99,0,2,9.326,256.000
99,0,3,9.326,-12379400392853802748991242240.000
99,1,0,9.326,-9903520314283042199192993792.000
99,1,1,9.326,0.000
99,1,2,9.326,43556142965880123323311949751266331066368.000
99,1,3,9.326,421249166674228746791672110734681729275580381602196445017243910144.000
99,2,0,9.326,-768.000
99,2,1,9.326,-65334214448820184984967924626899496599552.000
99,2,2,9.326,0.000
99,2,3,9.326,21778071482940061661655974875633165533184.000
99,3,0,9.326,3713820117856140824697372672.000
99,3,1,9.326,0.000
99,3,2,9.326,-43556142965880123323311949751266331066368.000
99,3,3,9.326,0.000
100,0,0,9.392,0.000
100,0,1,9.392,-22282920707136844948184236032.000
100,0,2,9.392,-256.000
100,0,3,9.392,9903520314283042199192993792.000
100,1,0,9.392,-56945241807127492645359714304.000
100,1,1,9.392,0.000
100,1,2,9.392,-130668428897640369969935849253798993199104.000
100,1,3,9.392,2527495000045372480750032664408090375653482289613178670103463460864.000
100,2,0,9.392,1152.000
100,2,1,9.392,87112285931760246646623899502532662132736.000
100,2,2,9.392,0.000
100,2,3,9.392,-217780714829400616616559748756331655331840.000
100,3,0,9.392,24758800785707605497982484480.000
100,3,1,9.392,-1684996666696914987166688442938726917102321526408785780068975640576.000
100,3,2,9.392,0.000
100,3,3,9.392,0.000
101,0,0,9.459,0.000
101,0,1,9.459,-19807040628566084398385987584.000
101,0,2,9.459,256.000
101,0,3,9.459,-29710560942849126597578981376.000
101,1,0,9.459,-4951760157141521099596496896.000
101,1,1,9.459,0.000
101,1,2,9.459,-348449143727040986586495598010130648530944.000
101,1,3,9.459,-10109980000181489923000130657632361502613929158452714680413853843456.000
101,2,0,9.459,-256.000
101,2,1,9.459,522673715590561479879743397015195972796416.000
101,2,2,9.459,0.000
101,2,3,9.459,-174224571863520493293247799005065324265472.000
101,3,0,9.459,-29710560942849126597578981376.000
101,3,1,9.459,6739986666787659948666753771754907668409286105635143120275902562304.000
101,3,2,9.459,348449143727040986586495598010130648530944.000
101,3,3,9.459,0.000
102,0,0,9.552,0.000
102,0,1,9.552,39614081257132168796771975168.000
102,0,2,9.552,-3072.000
102,0,3,9.552,-356526731314189519170947776512.000
102,1,0,9.552,0.000
102,1,1,9.552,0.000
102,1,2,9.552,-3484491437270409865864955980101306485309440.000
102,1,3,9.552,-107839786668602559178668060348078522694548577690162289924414440996864.000
102,2,0,9.552,-5120.000
102,2,1,9.552,696898287454081973172991196020261297061888.000
102,2,2,9.552,0.000
102,2,3,9.552,-696898287454081973172991196020261297061888.000
102,3,0,9.552,-158456325028528675187087900672.000
102,3,1,9.552,53919893334301279589334030174039261347274288845081144962207220498432.000
102,3,2,9.552,2090694862362245919518973588060783891185664.000
102,3,3,9.552,0.000
103,0,0,9.645,0.000
103,0,1,9.645,2218388550399401452619230609408.000
103,0,2,9.645,-36864.000
103,0,3,9.645,-2218388550399401452619230609408.000
103,1,0,9.645,1584563250285286751870879006720.000
103,1,1,9.645,0.000
103,1,2,9.645,-11150372599265311570767859136324180752990208.000
103,1,3,9.645,0.000
103,2,0,9.645,36864.000
103,2,1,9.645,0.000
103,2,2,9.645,0.000
103,2,3,9.645,22300745198530623141535718272648361505980416.000
103,3,0,9.645,-1584563250285286751870879006720.000
103,3,1,9.645,1725436586697640946858688965569256363112777243042596638790631055949824.000
103,3,2,9.645,-22300745198530623141535718272648361505980416.000
103,3,3,9.645,0.000
104,0,0,9.712,0.000
104,0,1,9.712,4436777100798802905238461218816.000
104,0,2,9.712,-36864.000
104,0,3,9.712,-7605903601369376408980219232256.000
104,1,0,9.712,1584563250285286751870879006720.000
104,1,1,9.712,0.000
104,1,2,9.712,22300745198530623141535718272648361505980416.000
104,1,3,9.712,3450873173395281893717377931138512726225554486085193277581262111899648.000
104,2,0,9.712,73728.000
104,2,1,9.712,-66902235595591869424607154817945084517941248.000
104,2,2,9.712,0.000
104,2,3,9.712,0.000
104,3,0,9.712,2535301200456458802993406410752.000
104,3,1,9.712,-6901746346790563787434755862277025452451108972170386555162524223799296.000
104,3,2,9.712,-89202980794122492566142873090593446023921664.000
104,3,3,9.712,0.000
105,0,0,9.779,0.000
105,0,1,9.779,-5070602400912917605986812821504.000
105,0,2,9.779,-270336.000
105,0,3,9.779,7605903601369376408980219232256.000
105,1,0,9.779,0.000
105,1,1,9.779,0.000
105,1,2,9.779,-267608942382367477698428619271780338071764992.000
105,1,3,9.779,-13803492693581127574869511724554050904902217944340773110325048447598592.000
105,2,0,9.779,131072.000
105,2,1,9.779,-44601490397061246283071436545296723011960832.000
105,2,2,9.779,0.000
105,2,3,9.779,-178405961588244985132285746181186892047843328.000
105,3,0,9.779,1267650600228229401496703205376.000
105,3,1,9.779,-6901746346790563787434755862277025452451108972170386555162524223799296.000
105,3,2,9.779,401413413573551216547642928907670507107647488.000
105,3,3,9.779,0.000
106,0,0,9.871,0.000
106,0,1,9.871,70988433612780846483815379501056.000
106,0,2,9.871,-458752.000
106,0,3,9.871,-70988433612780846483815379501056.000
106,1,0,9.871,60847228810955011271841753858048.000
106,1,1,9.871,0.000
106,1,2,9.871,0.000
106,1,3,9.871,331283824645947061796868281389297221717653230664178554647801162742366208.000
106,2,0,9.871,360448.000
106,2,1,9.871,0.000
106,2,2,9.871,0.000
106,2,3,9.871,-713623846352979940529142984724747568191373312.000
106,3,0,9.871,-40564819207303340847894502572032.000
106,3,1,9.871,-220855883097298041197912187592864814478435487109452369765200775161577472.000
106,3,2,9.871,0.000
106,3,3,9.871,0.000
107,0,0,9.963,0.000
107,0,1,9.963,243388915243820045087367015432192.000
107,0,2,9.963,-524288.000
107,0,3,9.963,0.000
107,1,0,9.963,486777830487640090174734030864384.000
107,1,1,9.963,0.000
107,1,2,9.963,0.000
107,1,3,9.963,3533694129556768659166595001485837031654967793751237916243212402585239552.000
107,2,0,9.963,262144.000
107,2,1,9.963,11417981541647679048466287755595961091061972992.000
107,2,2,9.963,0.000
107,2,3,9.963,-22835963083295358096932575511191922182123945984.000
107,3,0,9.963,-162259276829213363391578010288128.000
107,3,1,9.963,-3533694129556768659166595001485837031654967793751237916243212402585239552.000
107,3,2,9.963,-5708990770823839524233143877797980545530986496.000
107,3,3,9.963,0.000
108,0,0,10.031,0.000
108,0,1,10.031,-243388915243820045087367015432192.000
108,0,2,10.031,-1572864.000
108,0,3,10.031,1460333491462920270524202092593152.000
108,1,0,10.031,1054685299389886862045257066872832.000
108,1,1,10.031,0.000
108,1,2,10.031,-148433760041419827630061740822747494183805648896.000
108,1,3,10.031,14134776518227074636666380005943348126619871175004951664972849610340958208.000
108,2,0,10.031,-786432.000
108,2,1,10.031,79925870791533753339264014289171727637433810944.000
108,2,2,10.031,0.000
108,2,3,10.031,-68507889249886074290797726533575766546371837952.000
108,3,0,10.031,-1541463129877526952219991097737216.000
108,3,1,10.031,-7067388259113537318333190002971674063309935587502475832486424805170479104.000
108,3,2,10.031,148433760041419827630061740822747494183805648896.000
108,3,3,10.031,0.000
109,0,0,10.098,0.000
109,0,1,10.098,3245185536584267267831560205762560.000
109,0,2,10.098,3407872.000
109,0,3,10.098,-3894222643901120721397872246915072.000
109,1,0,10.098,2433889152438200450873670154321920.000
109,1,1,10.098,0.000
109,1,2,10.098,0.000
109,1,3,10.098,84808659109362447819998280035660088759719227050029709989837097662045749248.000
109,2,0,10.098,4980736.000
109,2,1,10.098,-274031556999544297163190906134303066185487351808.000
109,2,2,10.098,0.000
109,2,3,10.098,365375409332725729550921208179070754913983135744.000
109,3,0,10.098,-2920666982925840541048404185186304.000
109,3,1,10.098,-28269553036454149273332760011886696253239742350009903329945699220681916416.000
109,3,2,10.098,45671926166590716193865151022383844364247891968.000
109,3,3,10.098,0.000
110,0,0,10.190,0.000
110,0,1,10.190,-1298074214633706907132624082305024.000
110,0,2,10.190,-25165824.000
110,0,3,10.190,16874964790238189792724113069965312.000
110,1,0,10.190,5192296858534827628530496329220096.000
110,1,1,10.190,0.000
110,1,2,10.190,730750818665451459101842416358141509827966271488.000
110,1,3,10.190,-452312848583266388373324160190187140051835877600158453279131187530910662656.000
110,2,0,10.190,-23068672.000
110,2,1,10.190,-1096126227998177188652763624537212264741949407232.000
110,2,2,10.190,0.000
110,2,3,10.190,1826877046663628647754606040895353774569915678720.000
110,3,0,10.190,-5192296858534827628530496329220096.000
110,3,1,10.190,452312848583266388373324160190187140051835877600158453279131187530910662656.000
110,3,2,10.190,-365375409332725729550921208179070754913983135744.000
110,3,3,10.190,0.000
111,0,0,10.281,0.000
111,0,1,10.281,-10384593717069655257060992658440192.000
111,0,2,10.281,-109051904.000
111,0,3,10.281,72692156019487586799426948609081344.000
111,1,0,10.281,-51922968585348276285304963292200960.000
111,1,1,10.281,0.000
111,1,2,10.281,5846006549323611672814739330865132078623730171904.000
111,1,3,10.281,0.000
111,2,0,10.281,-8388608.000
111,2,1,10.281,2923003274661805836407369665432566039311865085952.000
111,2,2,10.281,0.000
111,2,3,10.281,-14615016373309029182036848327162830196559325429760.000
111,3,0,10.281,31153781151208965771182977975320576.000
111,3,1,10.281,0.000
111,3,2,10.281,11692013098647223345629478661730264157247460343808.000
111,3,3,10.281,0.000
112,0,0,10.349,0.000
112,0,1,10.349,-415383748682786210282439706337607680.000
112,0,2,10.349,-67108864.000
112,0,3,10.349,311537811512089657711829779753205760.000
112,1,0,10.349,124615124604835863084731911901282304.000
112,1,1,10.349,0.000
112,1,2,10.349,5846006549323611672814739330865132078623730171904.000
112,1,3,10.349,-28948022309329048855892746252171976963317496166410141009864396001978282409984.000
112,2,0,10.349,-58720256.000
112,2,1,10.349,-11692013098647223345629478661730264157247460343808.000
112,2,2,10.349,0.000
112,2,3,10.349,-11692013098647223345629478661730264157247460343808.000
112,3,0,10.349,-207691874341393105141219853168803840.000
112,3,1,10.349,28948022309329048855892746252171976963317496166410141009864396001978282409984.000
112,3,2,10.349,0.000
112,3,3,10.349,0.000
113,0,0,10.417,0.000
113,0,1,10.417,-332306998946228968225951765070086144.000
113,0,2,10.417,268435456.000
113,0,3,10.417,-166153499473114484112975882535043072.000
113,1,0,10.417,-41538374868278621028243970633760768.000
113,1,1,10.417,0.000
113,1,2,10.417,-70152078591883340073776871970381584943484762062848.000
113,1,3,10.417,57896044618658097711785492504343953926634992332820282019728792003956564819968.000
113,2,0,10.417,184549376.000
113,2,1,10.417,46768052394588893382517914646921056628989841375232.000
113,2,2,10.417,0.000
113,2,3,10.417,-70152078591883340073776871970381584943484762062848.000
113,3,0,10.417,166153499473114484112975882535043072.000
113,3,1,10.417,-57896044618658097711785492504343953926634992332820282019728792003956564819968.000
113,3,2,10.417,116920130986472233456294786617302641572474603438080.000
113,3,3,10.417,0.000
114,0,0,10.508,0.000
114,0,1,10.508,332306998946228968225951765070086144.000
114,0,2,10.508,0.000
114,0,3,10.508,-1661534994731144841129758825350430720.000
114,1,0,10.508,-1329227995784915872903807060280344576.000
114,1,1,10.508,0.000
114,1,2,10.508,187072209578355573530071658587684226515959365500928.000
114,1,3,10.508,1852673427797059126777135760139006525652319754650249024631321344126610074238976.000
114,2,0,10.508,536870912.000
114,2,1,10.508,0.000
114,2,2,10.508,0.000
114,2,3,10.508,0.000
114,3,0,10.508,-332306998946228968225951765070086144.000
114,3,1,10.508,0.000
114,3,2,10.508,187072209578355573530071658587684226515959365500928.000
114,3,3,10.508,0.000
115,0,0,10.599,0.000
115,0,1,10.599,-3987683987354747618711421180841033728.000
115,0,2,10.599,-536870912.000
115,0,3,10.599,-6646139978924579364519035301401722880.000
115,1,0,10.599,-1329227995784915872903807060280344576.000
115,1,1,10.599,0.000
115,1,2,10.599,4489733029880533764721719806104421436383024772022272.000
115,1,3,10.599,29642774844752946028434172162224104410437116074403984394101141506025761187823616.000
115,2,0,10.599,1610612736.000
115,2,1,10.599,-5986310706507378352962293074805895248510699696029696.000
115,2,2,10.599,0.000
115,2,3,10.599,4489733029880533764721719806104421436383024772022272.000
115,3,0,10.599,9304595970494411110326649421962412032.000
115,3,1,10.599,-14821387422376473014217086081112052205218558037201992197050570753012880593911808.000
115,3,2,10.599,-4489733029880533764721719806104421436383024772022272.000
115,3,3,10.599,0.000
116,0,0,10.667,0.000
116,0,1,10.667,-15950735949418990474845684723364134912.000
116,0,2,10.667,-536870912.000
116,0,3,10.667,-7975367974709495237422842361682067456.000
116,1,0,10.667,-58486031814536298407767510652335161344.000
116,1,1,10.667,0.000
116,1,2,10.667,-5986310706507378352962293074805895248510699696029696.000
116,1,3,10.667,118571099379011784113736688648896417641748464297615937576404566024103044751294464.000
116,2,0,10.667,5905580032.000
116,2,1,10.667,-11972621413014756705924586149611790497021399392059392.000
116,2,2,10.667,0.000
116,2,3,10.667,17958932119522135058886879224417685745532099088089088.000
116,3,0,10.667,10633823966279326983230456482242756608.000
116,3,1,10.667,0.000
116,3,2,10.667,11972621413014756705924586149611790497021399392059392.000
116,3,3,10.667,0.000
117,0,0,10.735,0.000
117,0,1,10.735,-63802943797675961899382738893456539648.000
117,0,2,10.735,3221225472.000
117,0,3,10.735,37218383881977644441306597687849648128.000
117,1,0,10.735,58486031814536298407767510652335161344.000
117,1,1,10.735,0.000
117,1,2,10.735,0.000
117,1,3,10.735,592855496895058920568683443244482088208742321488079687882022830120515223756472320.000
117,2,0,10.735,12884901888.000
117,2,1,10.735,-47890485652059026823698344598447161988085597568237568.000
117,2,2,10.735,0.000
117,2,3,10.735,23945242826029513411849172299223580994042798784118784.000
117,3,0,10.735,-79753679747094952374228423616820674560.000
117,3,1,10.735,-237142198758023568227473377297792835283496928595231875152809132048206089502588928.000
117,3,2,10.735,-47890485652059026823698344598447161988085597568237568.000
117,3,3,10.735,0.000
118,0,0,10.825,0.000
118,0,1,10.825,-42535295865117307932921825928971026432.000
118,0,2,10.825,-47244640256.000
118,0,3,10.825,297747071055821155530452781502797185024.000
118,1,0,10.825,-255211775190703847597530955573826158592.000
118,1,1,10.825,0.000
118,1,2,10.825,0.000
118,1,3,10.825,0.000
118,2,0,10.825,12884901888.000
118,2,1,10.825,191561942608236107294793378393788647952342390272950272.000
118,2,2,10.825,0.000
118,2,3,10.825,-191561942608236107294793378393788647952342390272950272.000
118,3,0,10.825,42535295865117307932921825928971026432.000
118,3,1,10.825,0.000
118,3,2,10.825,95780971304118053647396689196894323976171195136475136.000
118,3,3,10.825,0.000
119,0,0,10.916,0.000
119,0,1,10.916,340282366920938463463374607431768211456.000
119,0,2,10.916,51539607552.000
119,0,3,10.916,1020847100762815390390123822295304634368.000
119,1,0,10.916,340282366920938463463374607431768211456.000
119,1,1,10.916,0.000
119,1,2,10.916,0.000
119,1,3,10.916,0.000
119,2,0,10.916,-17179869184.000
119,2,1,10.916,-4597486622597666575075041081450927550856217366550806528.000
119,2,2,10.916,0.000
119,2,3,10.916,4597486622597666575075041081450927550856217366550806528.000
119,3,0,10.916,680564733841876926926749214863536422912.000
119,3,1,10.916,-60708402882054033466233184588234965832575213720379360039119137804340758912662765568.000
119,3,2,10.916,1532495540865888858358347027150309183618739122183602176.000
119,3,3,10.916,0.000
120,0,0,10.984,0.000
120,0,1,10.984,2722258935367507707706996859454145691648.000
120,0,2,10.984,85899345920.000
120,0,3,10.984,-9527906273786276976974489008089509920768.000
120,1,0,10.984,-8166776806102523123120990578362437074944.000
120,1,1,10.984,0.000
120,1,2,10.984,9194973245195333150150082162901855101712434733101613056.000
120,1,3,10.984,121416805764108066932466369176469931665150427440758720078238275608681517825325531136.000
120,2,0,10.984,-17179869184.000
120,2,1,10.984,-21454937572122444017016858380104328570662347710570430464.000
120,2,2,10.984,0.000
120,2,3,10.984,27584919735585999450450246488705565305137304199304839168.000
120,3,0,10.984,8166776806102523123120990578362437074944.000
120,3,1,10.984,-121416805764108066932466369176469931665150427440758720078238275608681517825325531136.000
120,3,2,10.984,0.000
120,3,3,10.984,0.000
121,0,0,11.052,0.000
121,0,1,11.052,-20416942015256307807802476445906092687360.000
121,0,2,11.052,137438953472.000
121,0,3,11.052,9527906273786276976974489008089509920768.000
121,1,0,11.052,-16333553612205046246241981156724874149888.000
121,1,1,11.052,0.000
121,1,2,11.052,6129982163463555433433388108601236734474956488734408704.000
121,1,3,11.052,0.000
121,2,0,11.052,481036337152.000
121,2,1,11.052,18389946490390666300300164325803710203424869466203226112.000
121,2,2,11.052,0.000
121,2,3,11.052,-24519928653854221733733552434404946937899825954937634816.000
121,3,0,11.052,-1361129467683753853853498429727072845824.000
121,3,1,11.052,-485667223056432267729865476705879726660601709763034880312953102434726071301302124544.000
121,3,2,11.052,67429803798099109767767269194613604079224521376078495744.000
121,3,3,11.052,0.000
122,0,0,11.143,0.000
122,0,1,11.143,-43556142965880123323311949751266331066368.000
122,0,2,11.143,2061584302080.000
122,0,3,11.143,-43556142965880123323311949751266331066368.000
122,1,0,11.143,-43556142965880123323311949751266331066368.000
122,1,1,11.143,0.000
122,1,2,11.143,-196159429230833773869868419475239575503198607639501078528.000
122,1,3,11.143,-7770675568902916283677847627294075626569627356208558085007249638955617140820833992704.000
122,2,0,11.143,-1649267441664.000
122,2,1,11.143,294239143846250660804802629212859363254797911459251617792.000
122,2,2,11.143,0.000
122,2,3,11.143,-98079714615416886934934209737619787751599303819750539264.000
122,3,0,11.143,0.000
122,3,1,11.143,23312026706708748851033542881882226879708882068625674255021748916866851422462501978112.000
122,3,2,11.143,0.000
122,3,3,11.143,0.000
123,0,0,11.233,0.000
123,0,1,11.233,261336857795280739939871698507597986398208.000
123,0,2,11.233,0.000
123,0,3,11.233,-130668428897640369969935849253798993199104.000
123,1,0,11.233,0.000
123,1,1,11.233,0.000
123,1,2,11.233,784637716923335095479473677900958302012794430558004314112.000
123,1,3,11.233,0.000
123,2,0,11.233,-2199023255552.000
123,2,1,11.233,-3923188584616675477397368389504791510063972152790021570560.000
123,2,2,11.233,0.000
123,2,3,11.233,2353913150770005286438421033702874906038383291674012942336.000
123,3,0,11.233,43556142965880123323311949751266331066368.000
123,3,1,11.233,124330809102446660538845562036705210025114037699336929360115994223289874253133343883264.000
123,3,2,11.233,0.000
123,3,3,11.233,0.000
124,0,0,11.301,0.000
124,0,1,11.301,-522673715590561479879743397015195972796416.000
124,0,2,11.301,-8796093022208.000
124,0,3,11.301,-87112285931760246646623899502532662132736.000
124,1,0,11.301,2090694862362245919518973588060783891185664.000
124,1,1,11.301,0.000
124,1,2,11.301,-9415652603080021145753684134811499624153533166696051769344.000
124,1,3,11.301,497323236409786642155382248146820840100456150797347717440463976893159497012533375533056.000
124,2,0,11.301,-3298534883328.000
124,2,1,11.301,-6277101735386680763835789423207666416102355444464034512896.000
124,2,2,11.301,0.000
124,2,3,11.301,3138550867693340381917894711603833208051177722232017256448.000
124,3,0,11.301,-1655133432703444686285854090548120580521984.000
124,3,1,11.301,248661618204893321077691124073410420050228075398673858720231988446579748506266687766528.000
124,3,2,11.301,-3138550867693340381917894711603833208051177722232017256448.000
124,3,3,11.301,0.000
125,0,0,11.369,0.000
125,0,1,11.369,3310266865406889372571708181096241161043968.000
125,0,2,11.369,3298534883328.000
125,0,3,11.369,-522673715590561479879743397015195972796416.000
125,1,0,11.369,3658716009133930359158203779106371809574912.000
125,1,1,11.369,0.000
125,1,2,11.369,-25108406941546723055343157692830665664409421777856138051584.000
125,1,3,11.369,0.000
125,2,0,11.369,20890720927744.000
125,2,1,11.369,-6277101735386680763835789423207666416102355444464034512896.000
125,2,2,11.369,0.000
125,2,3,11.369,-18831305206160042291507368269622999248307066333392103538688.000
125,3,0,11.369,-3136042293543368879278460382091175836778496.000
125,3,1,11.369,0.000
125,3,2,11.369,6277101735386680763835789423207666416102355444464034512896.000
125,3,3,11.369,0.000
126,0,0,11.459,0.000
126,0,1,11.459,2787593149816327892691964784081045188247552.000
126,0,2,11.459,-35184372088832.000
126,0,3,11.459,1393796574908163946345982392040522594123776.000
126,1,0,11.459,15331762323989803409805806312445748535361536.000
126,1,1,11.459,0.000
126,1,2,11.459,-50216813883093446110686315385661331328818843555712276103168.000
126,1,3,11.459,31828687130226345097944463881396533766429193651030253916189694521162207808802136034115584.000
126,2,0,11.459,0.000
126,2,1,11.459,-100433627766186892221372630771322662657637687111424552206336.000
126,2,2,11.459,0.000
126,2,3,11.459,0.000
126,3,0,11.459,-5575186299632655785383929568162090376495104.000
126,3,1,11.459,47743030695339517646916695822094800649643790476545380874284541781743311713203204051173376.000
126,3,2,11.459,0.000
126,3,3,11.459,0.000
127,0,0,11.549,0.000
127,0,1,11.549,22300745198530623141535718272648361505980416.000
127,0,2,11.549,-387028092977152.000
127,0,3,11.549,-33451117797795934712303577408972542258970624.000
127,1,0,11.549,22300745198530623141535718272648361505980416.000
127,1,1,11.549,0.000
127,1,2,11.549,-2008672555323737844427452615426453253152753742228491044126720.000
127,1,3,11.549,0.000
127,2,0,11.549,0.000
127,2,1,11.549,1205203533194242706656471569255871951891652245337094626476032.000
127,2,2,11.549,0.000
127,2,3,11.549,-1606938044258990275541962092341162602522202993782792835301376.000
127,3,0,11.549,33451117797795934712303577408972542258970624.000
127,3,1,11.549,509258994083621521567111422102344540262867098416484062659035112338595324940834176545849344.000
127,3,2,11.549,2008672555323737844427452615426453253152753742228491044126720.000
127,3,3,11.549,0.000
128,0,0,11.618,0.000
128,0,1,11.618,156105216389714361990750027908538530541862912.000
128,0,2,11.618,-879609302220800.000
128,0,3,11.618,-223007451985306231415357182726483615059804160.000
128,1,0,11.618,267608942382367477698428619271780338071764992.000
128,1,1,11.618,0.000
128,1,2,11.618,3213876088517980551083924184682325205044405987565585670602752.000
128,1,3,11.618,3055553964501729129402668532614067241577202590498904375954210674031571949645005059275096064.000
128,2,0,11.618,492581209243648.000
128,2,1,11.618,6427752177035961102167848369364650410088811975131171341205504.000
128,2,2,11.618,0.000
128,2,3,11.618,-8838159243424446515480791507876394313872116465805360594157568.000
128,3,0,11.618,-133804471191183738849214309635890169035882496.000
128,3,1,11.618,-1018517988167243043134222844204689080525734196832968125318070224677190649881668353091698688.000
128,3,2,11.618,-1606938044258990275541962092341162602522202993782792835301376.000
128,3,3,11.618,0.000
129,0,0,11.686,0.000
129,0,1,11.686,133804471191183738849214309635890169035882496.000
129,0,2,11.686,-1477743627730944.000
129,0,3,11.686,267608942382367477698428619271780338071764992.000
129,1,0,11.686,267608942382367477698428619271780338071764992.000
129,1,1,11.686,0.000
129,1,2,11.686,3213876088517980551083924184682325205044405987565585670602752.000
129,1,3,11.686,-2037035976334486086268445688409378161051468393665936250636140449354381299763336706183397376.000
129,2,0,11.686,0.000
129,2,1,11.686,-3213876088517980551083924184682325205044405987565585670602752.000
129,2,2,11.686,0.000
129,2,3,11.686,3213876088517980551083924184682325205044405987565585670602752.000
129,3,0,11.686,267608942382367477698428619271780338071764992.000
129,3,1,11.686,-2037035976334486086268445688409378161051468393665936250636140449354381299763336706183397376.000
129,3,2,11.686,-6427752177035961102167848369364650410088811975131171341205504.000
129,3,3,11.686,0.000
130,0,0,11.776,0.000
130,0,1,11.776,1784059615882449851322857461811868920478433280.000
130,0,2,11.776,-4503599627370496.000
130,0,3,11.776,713623846352979940529142984724747568191373312.000
130,1,0,11.776,-1427247692705959881058285969449495136382746624.000
130,1,1,11.776,0.000
130,1,2,11.776,77133026124431533226014180432375804921065743701574056094466048.000
130,1,3,11.776,0.000
130,2,0,11.776,0.000
130,2,1,11.776,-102844034832575377634685573909834406561420991602098741459288064.000
130,2,2,11.776,0.000
130,2,3,11.776,0.000
130,3,0,11.776,713623846352979940529142984724747568191373312.000
130,3,1,11.776,0.000
130,3,2,11.776,-77133026124431533226014180432375804921065743701574056094466048.000
130,3,3,11.776,0.000
131,0,0,11.865,0.000
131,0,1,11.865,-4281743078117879643174857908348485409148239872.000
131,0,2,11.865,-4503599627370496.000
131,0,3,11.865,15699724619765558691641145663944446500210212864.000
131,1,0,11.865,-7136238463529799405291429847247475681913733120.000
131,1,1,11.865,0.000
131,1,2,11.865,1234128417990904531616226886918012878737051899225184897511456768.000
131,1,3,11.865,1042962419883256876169444192465601618458351817556959360325703910069443225478828393565899456512.000
131,2,0,11.865,18014398509481984.000
131,2,1,11.865,205688069665150755269371147819668813122841983204197482918576128.000
131,2,2,11.865,0.000
131,2,3,11.865,-617064208995452265808113443459006439368525949612592448755728384.000
131,3,0,11.865,12845229234353638929524573725045456227444719616.000
131,3,1,11.865,1042962419883256876169444192465601618458351817556959360325703910069443225478828393565899456512.000
131,3,2,11.865,-1234128417990904531616226886918012878737051899225184897511456768.000
131,3,3,11.865,0.000
132,0,0,11.934,0.000
132,0,1,11.934,-74216880020709913815030870411373747091902824448.000
132,0,2,11.934,-14636698788954112.000
132,0,3,11.934,39962935395766876669632007144585863818716905472.000
132,1,0,11.934,-65653393864474154528681154594676776273606344704.000
132,1,1,11.934,0.000
132,1,2,11.934,2468256835981809063232453773836025757474103798450369795022913536.000
132,1,3,11.934,-8343699359066055009355553539724812947666814540455674882605631280555545803830627148527195652096.000
132,2,0,11.934,7881299347898368.000
132,2,1,11.934,-2468256835981809063232453773836025757474103798450369795022913536.000
132,2,2,11.934,0.000
132,2,3,11.934,822752278660603021077484591278675252491367932816789931674304512.000
132,3,0,11.934,57089907708238395242331438777979805455309864960.000
132,3,1,11.934,8343699359066055009355553539724812947666814540455674882605631280555545803830627148527195652096.000
132,3,2,11.934,-1645504557321206042154969182557350504982735865633579863348609024.000
132,3,3,11.934,0.000
133,0,0,12.003,0.000
133,0,1,12.003,-165560732353891346202761172456141435820398608384.000
133,0,2,12.003,-33776997205278720.000
133,0,3,12.003,62798898479062234766564582655777786000840851456.000
133,1,0,12.003,-79925870791533753339264014289171727637433810944.000
133,1,1,12.003,0.000
133,1,2,12.003,9873027343927236252929815095344103029896415193801479180091654144.000
133,1,3,12.003,-8343699359066055009355553539724812947666814540455674882605631280555545803830627148527195652096.000
133,2,0,12.003,13510798882111488.000
133,2,1,12.003,-3291009114642412084309938365114701009965471731267159726697218048.000
133,2,2,12.003,0.000
133,2,3,12.003,-3291009114642412084309938365114701009965471731267159726697218048.000
133,3,0,12.003,57089907708238395242331438777979805455309864960.000
133,3,1,12.003,0.000
133,3,2,12.003,-19746054687854472505859630190688206059792830387602958360183308288.000
133,3,3,12.003,0.000
134,0,0,12.091,0.000
134,0,1,12.091,-365375409332725729550921208179070754913983135744.000
134,0,2,12.091,-126100789566373888.000
134,0,3,12.091,1050454301831586472458898473514828420377701515264.000
134,1,0,12.091,-137015778499772148581595453067151533092743675904.000
134,1,1,12.091,0.000
134,1,2,12.091,-39492109375708945011719260381376412119585660775205916720366616576.000
134,1,3,12.091,0.000
134,2,0,12.091,162129586585337856.000
134,2,1,12.091,0.000
134,2,2,12.091,0.000
134,2,3,12.091,39492109375708945011719260381376412119585660775205916720366616576.000
134,3,0,12.091,182687704666362864775460604089535377456991567872.000
134,3,1,12.091,-133499189745056880149688856635597007162669032647290798121690100488888732861290034376435130433536.000
134,3,2,12.091,52656145834278593348959013841835216159447547700274555627155488768.000
134,3,3,12.091,0.000
135,0,0,12.180,0.000
135,0,1,12.180,-1096126227998177188652763624537212264741949407232.000
135,0,2,12.180,72057594037927936.000
135,0,3,12.180,1826877046663628647754606040895353774569915678720.000
135,1,0,12.180,0.000
135,1,1,12.180,0.000
135,1,2,12.180,105312291668557186697918027683670432318895095400549111254310977536.000
135,1,3,12.180,1067993517960455041197510853084776057301352261178326384973520803911109862890320275011481043468288.000
135,2,0,12.180,216172782113783808.000
135,2,1,12.180,-210624583337114373395836055367340864637790190801098222508621955072.000
135,2,2,12.180,0.000
135,2,3,12.180,315936875005671560093754083051011296956685286201647333762932932608.000
135,3,0,12.180,-365375409332725729550921208179070754913983135744.000
135,3,1,12.180,-2135987035920910082395021706169552114602704522356652769947041607822219725780640550022962086936576.000
135,3,2,12.180,0.000
135,3,3,12.180,0.000
136,0,0,12.249,0.000
136,0,1,12.249,-2192252455996354377305527249074424529483898814464.000
136,0,2,12.249,432345564227567616.000
136,0,3,12.249,2192252455996354377305527249074424529483898814464.000
136,1,0,12.249,2923003274661805836407369665432566039311865085952.000
136,1,1,12.249,0.000
136,1,2,12.249,842498333348457493583344221469363458551160763204392890034487820288.000
136,1,3,12.249,0.000
136,2,0,12.249,-720575940379279360.000
136,2,1,12.249,-2527495000045372480750032664408090375653482289613178670103463460864.000
136,2,2,12.249,0.000
136,2,3,12.249,4633740833416516214708393218081499022031384197624160895189683011584.000
136,3,0,12.249,-6576757367989063131916581747223273588451696443392.000
136,3,1,12.249,0.000
136,3,2,12.249,-2106245833371143733958360553673408646377901908010982225086219550720.000
136,3,3,12.249,0.000
137,0,0,12.319,0.000
137,0,1,12.319,-8769009823985417509222108996297698117935595257856.000
137,0,2,12.319,720575940379279360.000
137,0,3,12.319,5846006549323611672814739330865132078623730171904.000
137,1,0,12.319,0.000
137,1,1,12.319,0.000
137,1,2,12.319,-5054990000090744961500065328816180751306964579226357340206926921728.000
137,1,3,12.319,-34175792574734561318320347298712833833643272357706444319152665725155515612490248800367393390985216.000
137,2,0,12.319,-3170534137668829184.000
137,2,1,12.319,3369993333393829974333376885877453834204643052817571560137951281152.000
137,2,2,12.319,0.000
137,2,3,12.319,842498333348457493583344221469363458551160763204392890034487820288.000
137,3,0,12.319,0.000
137,3,1,12.319,34175792574734561318320347298712833833643272357706444319152665725155515612490248800367393390985216.000
137,3,2,12.319,-842498333348457493583344221469363458551160763204392890034487820288.000
137,3,3,12.319,0.000
138,0,0,12.407,0.000
138,0,1,12.407,0.000
138,0,2,12.407,576460752303423488.000
138,0,3,12.407,11692013098647223345629478661730264157247460343808.000
138,1,0,12.407,58460065493236116728147393308651320786237301719040.000
138,1,1,12.407,0.000
138,1,2,12.407,-13479973333575319897333507543509815336818572211270286240551805124608.000
138,1,3,12.407,273406340597876490546562778389702670669146178861651554553221325801244124899921990402939147127881728.000
138,2,0,12.407,-5188146770730811392.000
138,2,1,12.407,13479973333575319897333507543509815336818572211270286240551805124608.000
138,2,2,12.407,0.000
138,2,3,12.407,-13479973333575319897333507543509815336818572211270286240551805124608.000
138,3,0,12.407,-58460065493236116728147393308651320786237301719040.000
138,3,1,12.407,0.000
138,3,2,12.407,0.000
138,3,3,12.407,0.000
139,0,0,12.495,0.000
139,0,1,12.495,187072209578355573530071658587684226515959365500928.000
139,0,2,12.495,-16140901064495857664.000
139,0,3,12.495,-93536104789177786765035829293842113257979682750464.000
139,1,0,12.495,327376366762122253677625402528447396402928889626624.000
139,1,1,12.495,0.000
139,1,2,12.495,107839786668602559178668060348078522694548577690162289924414440996864.000
139,1,3,12.495,0.000
139,2,0,12.495,-32281802128991715328.000
139,2,1,12.495,-215679573337205118357336120696157045389097155380324579848828881993728.000
139,2,2,12.495,0.000
139,2,3,12.495,215679573337205118357336120696157045389097155380324579848828881993728.000
139,3,0,12.495,-327376366762122253677625402528447396402928889626624.000
139,3,1,12.495,-13123504348698071546235013362705728192119016585359274618554623638459717995196255539341079062138322944.000
139,3,2,12.495,107839786668602559178668060348078522694548577690162289924414440996864.000
139,3,3,12.495,0.000
140,0,0,12.565,0.000
140,0,1,12.565,-1028897152680955654415394122232263245837776510255104.000
140,0,2,12.565,0.000
140,0,3,12.565,-93536104789177786765035829293842113257979682750464.000
140,1,0,12.565,280608314367533360295107487881526339773939048251392.000
140,1,1,12.565,0.000
140,1,2,12.565,-1294077440023230710144016724176942272334582932281947479092973291962368.000
140,1,3,12.565,-17498005798264095394980017816940970922825355447145699491406164851279623993595007385788105416184430592.000
140,2,0,12.565,-32281802128991715328.000
140,2,1,12.565,-215679573337205118357336120696157045389097155380324579848828881993728.000
140,2,2,12.565,0.000
140,2,3,12.565,1294077440023230710144016724176942272334582932281947479092973291962368.000
140,3,0,12.565,-748288838313422294120286634350736906063837462003712.000
140,3,1,12.565,8749002899132047697490008908470485461412677723572849745703082425639811996797503692894052708092215296.000
140,3,2,12.565,1941116160034846065216025086265413408501874398422921218639459937943552.000
140,3,3,12.565,0.000
141,0,0,12.634,0.000
141,0,1,12.634,-187072209578355573530071658587684226515959365500928.000
141,0,2,12.634,0.000
141,0,3,12.634,-2993155353253689176481146537402947624255349848014848.000
141,1,0,12.634,-561216628735066720590214975763052679547878096502784.000
141,1,1,12.634,0.000
141,1,2,12.634,-1725436586697640946858688965569256363112777243042596638790631055949824.000
141,1,3,12.634,0.000
141,2,0,12.634,-73786976294838206464.000
141,2,1,12.634,-1725436586697640946858688965569256363112777243042596638790631055949824.000
141,2,2,12.634,0.000
141,2,3,12.634,2588154880046461420288033448353884544669165864563894958185946583924736.000
141,3,0,12.634,-1683649886205200161770644927289158038643634289508352.000
141,3,1,12.634,34996011596528190789960035633881941845650710894291398982812329702559247987190014771576210832368861184.000
141,3,2,12.634,-862718293348820473429344482784628181556388621521298319395315527974912.000
141,3,3,12.634,0.000
142,0,0,12.722,0.000
142,0,1,12.722,-13469199089641601294165159418313264309149074316066816.000
142,0,2,12.722,-36893488147419103232.000
142,0,3,12.722,8979466059761067529443439612208842872766049544044544.000
142,1,0,12.722,11972621413014756705924586149611790497021399392059392.000
142,1,1,12.722,0.000
142,1,2,12.722,-13803492693581127574869511724554050904902217944340773110325048447598592.000
142,1,3,12.722,0.000
142,2,0,12.722,0.000
142,2,1,12.722,-13803492693581127574869511724554050904902217944340773110325048447598592.000
142,2,2,12.722,0.000
142,2,3,12.722,0.000
142,3,0,12.722,-16462354442895290470646305955716211933404424164081664.000
142,3,1,12.722,559936185544451052639360570142111069530411374308662383724997275240947967795040236345219373317901778944.000
142,3,2,12.722,20705239040371691362304267586831076357353326916511159665487572671397888.000
142,3,3,12.722,0.000
143,0,0,12.810,0.000
143,0,1,12.810,-59863107065073783529622930748058952485106996960296960.000
143,0,2,12.810,-295147905179352825856.000
143,0,3,12.810,71835728478088540235547516897670742982128396352356352.000
143,1,0,12.810,47890485652059026823698344598447161988085597568237568.000
143,1,1,12.810,0.000
143,1,2,12.810,-220855883097298041197912187592864814478435487109452369765200775161577472.000
143,1,3,12.810,17917957937422433684459538244547554224973163977877196279199912807710334969441287563047019946172856926208.000
143,2,0,12.810,147573952589676412928.000
143,2,1,12.810,110427941548649020598956093796432407239217743554726184882600387580788736.000
143,2,2,12.810,0.000
143,2,3,12.810,-165641912322973530898434140694648610858826615332089277323900581371183104.000
143,3,0,12.810,-11972621413014756705924586149611790497021399392059392.000
143,3,1,12.810,17917957937422433684459538244547554224973163977877196279199912807710334969441287563047019946172856926208.000
143,3,2,12.810,165641912322973530898434140694648610858826615332089277323900581371183104.000
143,3,3,12.810,0.000
144,0,0,12.880,0.000
144,0,1,12.880,359178642390442701177737584488353714910641981761781760.000
144,0,2,12.880,2656331146614175432704.000
144,0,3,12.880,-239452428260295134118491722992235809940427987841187840.000
144,1,0,12.880,526795342172649295060681790582918781868941573250613248.000
144,1,1,12.880,0.000
144,1,2,12.880,552139707743245102994780468982162036196088717773630924413001937903943680.000
144,1,3,12.880,71671831749689734737838152978190216899892655911508785116799651230841339877765150252188079784691427704832.000
144,2,0,12.880,590295810358705651712.000
144,2,1,12.880,331283824645947061796868281389297221717653230664178554647801162742366208.000
144,2,2,12.880,0.000
144,2,3,12.880,-331283824645947061796868281389297221717653230664178554647801162742366208.000
144,3,0,12.880,-526795342172649295060681790582918781868941573250613248.000
144,3,1,12.880,-35835915874844867368919076489095108449946327955754392558399825615420669938882575126094039892345713852416.000
144,3,2,12.880,0.000
144,3,3,12.880,0.000
145,0,0,12.950,0.000
145,0,1,12.950,0.000
145,0,2,12.950,3541774862152233910272.000
145,0,3,12.950,622576313476767348708078479779813105845112768387088384.000
145,1,0,12.950,1149371655649416643768760270362731887714054341637701632.000
145,1,1,12.950,0.000
145,1,2,12.950,-883423532389192164791648750371459257913741948437809479060803100646309888.000
145,1,3,12.950,143343663499379469475676305956380433799785311823017570233599302461682679755530300504376159569382855409664.000
145,2,0,12.950,-6198106008766409342976.000
145,2,1,12.950,1325135298583788247187473125557188886870612922656714218591204650969464832.000
145,2,2,12.950,0.000
145,2,3,12.950,-883423532389192164791648750371459257913741948437809479060803100646309888.000
145,3,0,12.950,-766247770432944429179173513575154591809369561091801088.000
145,3,1,12.950,-143343663499379469475676305956380433799785311823017570233599302461682679755530300504376159569382855409664.000
145,3,2,12.950,0.000
145,3,3,12.950,0.000
146,0,0,13.037,0.000
146,0,1,13.037,1149371655649416643768760270362731887714054341637701632.000
146,0,2,13.037,3541774862152233910272.000
146,0,3,13.037,2298743311298833287537520540725463775428108683275403264.000
146,1,0,13.037,1915619426082361072947933783937886479523423902729502720.000
146,1,1,13.037,0.000
146,1,2,13.037,0.000
146,1,3,13.037,2293498615990071511610820895302086940796564989168281123737588839386922876088484808070018553110125686554624.000
146,2,0,13.037,0.000
146,2,1,13.037,0.000
146,2,2,13.037,0.000
146,2,3,13.037,-3533694129556768659166595001485837031654967793751237916243212402585239552.000
146,3,0,13.037,-766247770432944429179173513575154591809369561091801088.000
146,3,1,13.037,-1146749307995035755805410447651043470398282494584140561868794419693461438044242404035009276555062843277312.000
146,3,2,13.037,-7067388259113537318333190002971674063309935587502475832486424805170479104.000
146,3,3,13.037,0.000
147,0,0,13.125,0.000
147,0,1,13.125,12259964326927110866866776217202473468949912977468817408.000
147,0,2,13.125,-33056565380087516495872.000
147,0,3,13.125,0.000
147,1,0,13.125,1532495540865888858358347027150309183618739122183602176.000
147,1,1,13.125,0.000
147,1,2,13.125,-28269553036454149273332760011886696253239742350009903329945699220681916416.000
147,1,3,13.125,0.000
147,2,0,13.125,-33056565380087516495872.000
147,2,1,13.125,-56539106072908298546665520023773392506479484700019806659891398441363832832.000
147,2,2,13.125,0.000
147,2,3,13.125,113078212145816597093331040047546785012958969400039613319782796882727665664.000
147,3,0,13.125,1532495540865888858358347027150309183618739122183602176.000
147,3,1,13.125,0.000
147,3,2,13.125,28269553036454149273332760011886696253239742350009903329945699220681916416.000
147,3,3,13.125,0.000
148,0,0,13.195,0.000
148,0,1,13.195,-24519928653854221733733552434404946937899825954937634816.000
148,0,2,13.195,0.000
148,0,3,13.195,-6129982163463555433433388108601236734474956488734408704.000
148,1,0,13.195,0.000
148,1,1,13.195,0.000
148,1,2,13.195,226156424291633194186662080095093570025917938800079226639565593765455331328.000
148,1,3,13.195,-73391955711682288371546268649666782105490079653384995959602842860381532034831513858240593699524021969747968.000
148,2,0,13.195,-108614429106001839915008.000
148,2,1,13.195,-452312848583266388373324160190187140051835877600158453279131187530910662656.000
148,2,2,13.195,0.000
148,2,3,13.195,-226156424291633194186662080095093570025917938800079226639565593765455331328.000
148,3,0,13.195,-24519928653854221733733552434404946937899825954937634816.000
148,3,1,13.195,0.000
148,3,2,13.195,452312848583266388373324160190187140051835877600158453279131187530910662656.000
148,3,3,13.195,0.000
149,0,0,13.265,0.000
149,0,1,13.265,-24519928653854221733733552434404946937899825954937634816.000
149,0,2,13.265,-75557863725914323419136.000
149,0,3,13.265,-110339678942343997801800985954822261220549216797219356672.000
149,1,0,13.265,-98079714615416886934934209737619787751599303819750539264.000
149,1,1,13.265,0.000
149,1,2,13.265,1356938545749799165119972480570561420155507632800475359837393562592731987968.000
149,1,3,13.265,-293567822846729153486185074598667128421960318613539983838411371441526128139326055432962374798096087878991872.000
149,2,0,13.265,85002596691653613846528.000
149,2,1,13.265,1130782121458165970933310400475467850129589694000396133197827968827276656640.000
149,2,2,13.265,0.000
149,2,3,13.265,-226156424291633194186662080095093570025917938800079226639565593765455331328.000
149,3,0,13.265,0.000
149,3,1,13.265,0.000
149,3,2,13.265,-904625697166532776746648320380374280103671755200316906558262375061821325312.000
149,3,3,13.265,0.000
150,0,0,13.352,0.000
150,0,1,13.352,0.000
150,0,2,13.352,-75557863725914323419136.000
150,0,3,13.352,0.000
150,1,0,13.352,-147119571923125330402401314606429681627398955729625808896.000
150,1,1,13.352,0.000
150,1,2,13.352,-16283262548997589981439669766846737041866091593605704318048722751112783855616.000
150,1,3,13.352,4697085165547666455778961193578674054751365097816639741414581943064418050229216886927397996769537406063869952.000
150,2,0,13.352,113336795588871485128704.000
150,2,1,13.352,10855508365998393320959779844564491361244061062403802878699148500741855903744.000
150,2,2,13.352,0.000
150,2,3,13.352,-14474011154664524427946373126085988481658748083205070504932198000989141204992.000
150,3,0,13.352,98079714615416886934934209737619787751599303819750539264.000
150,3,1,13.352,0.000
150,3,2,13.352,16283262548997589981439669766846737041866091593605704318048722751112783855616.000
150,3,3,13.352,0.000
151,0,0,13.461,0.000
151,0,1,13.461,6277101735386680763835789423207666416102355444464034512896.000
151,0,2,13.461,3626777458843887524118528.000
151,0,3,13.461,-1569275433846670190958947355801916604025588861116008628224.000
151,1,0,13.461,-7846377169233350954794736779009583020127944305580043141120.000
151,1,1,13.461,0.000
151,1,2,13.461,-57896044618658097711785492504343953926634992332820282019728792003956564819968.000
151,1,3,13.461,-150306725297525326584926758194517569752043683130132471725266622178061377607334940381676735896625196994043838464.000
151,2,0,13.461,10275869466724347985002496.000
151,2,1,13.461,115792089237316195423570985008687907853269984665640564039457584007913129639936.000
151,2,2,13.461,0.000
151,2,3,13.461,0.000
151,3,0,13.461,8631014886156686050274210456910541322140738736138047455232.000
151,3,1,13.461,-150306725297525326584926758194517569752043683130132471725266622178061377607334940381676735896625196994043838464.000
151,3,2,13.461,115792089237316195423570985008687907853269984665640564039457584007913129639936.000
151,3,3,13.461,0.000
152,0,0,13.510,0.000
152,0,1,13.510,1471195719231253304024013146064296816273989557296258088960.000
152,0,2,13.510,2720083094132915643088896.000
152,0,3,13.510,6375181450002097650770723632945286203853954748283785052160.000
152,1,0,13.510,4413587157693759912072039438192890448821968671888774266880.000
152,1,1,13.510,0.000
152,1,2,13.510,166451128278642030921383290949988867539075602956858310806720277011375123857408.000
152,1,3,13.510,-37576681324381331646231689548629392438010920782533117931316655544515344401833735095419183974156299248510959616.000
152,2,0,13.510,12164816059872206070480896.000
152,2,1,13.510,-296717228670622750772900649084762763874004335705703945351110059020277394702336.000
152,2,2,13.510,0.000
152,2,3,13.510,361850278866613110698659328152149712041468702080126762623304950024728530124800.000
152,3,0,13.510,-6669420593848348311575526262158145567108752659743036669952.000
152,3,1,13.510,-263036769270669321523621826840405747066076445477731825519216588811607410812836145667934287819094094739576717312.000
152,3,2,13.510,115792089237316195423570985008687907853269984665640564039457584007913129639936.000
152,3,3,13.510,0.000
153,0,0,13.558,0.000
153,0,1,13.558,-8827174315387519824144078876385780897643937343777548533760.000
153,0,2,13.558,7064660258372989239689216.000
153,0,3,13.558,2942391438462506608048026292128593632547979114592516177920.000
153,1,0,13.558,-6669420593848348311575526262158145567108752659743036669952.000
153,1,1,13.558,0.000
153,1,2,13.558,155595619912643637600423511105424376177831541894454507928021128510633267953664.000
153,1,3,13.558,112730043973143994938695068645888177314032762347599353793949966633546033205501205286257551922468897745532878848.000
153,2,0,13.558,9935859079957733529616384.000
153,2,1,13.558,-184543642221972686456316257357596353141149038060864648937885524512611550363648.000
153,2,2,13.558,0.000
153,2,3,13.558,260532200783961439703034716269547792669857465497691269088779564017804541689856.000
153,3,0,13.558,-7061739452310015859315263101108624718115149875022038827008.000
153,3,1,13.558,-234854258277383322788948059678933702737568254890831987070729097153220902511460844346369899838476870303193497600.000
153,3,2,13.558,115792089237316195423570985008687907853269984665640564039457584007913129639936.000
153,3,3,13.558,0.000
154,0,0,13.750,0.000
154,0,1,13.750,-58063191052326797065481052164670914348946787861292319244288.000
154,0,2,13.750,35058848768824246066479104.000
154,0,3,13.750,36093334978473414392055789183444081892588543805668198449152.000
154,1,0,13.750,-20400580640006712482466315625424915852332655194508112166912.000
154,1,1,13.750,0.000
154,1,2,13.750,0.000
154,1,3,13.750,2404907604760405225358828131112281116032698930082119547604265954848982041717359046106827774346003151904701415424.000
154,2,0,13.750,12089258196146291747061760.000
154,2,1,13.750,231584178474632390847141970017375815706539969331281128078915168015826259279872.000
154,2,2,13.750,0.000
154,2,3,13.750,-463168356949264781694283940034751631413079938662562256157830336031652518559744.000
154,3,0,13.750,-6277101735386680763835789423207666416102355444464034512896.000
154,3,1,13.750,0.000
154,3,2,13.750,-463168356949264781694283940034751631413079938662562256157830336031652518559744.000
154,3,3,13.750,0.000
155,0,0,13.937,0.000
155,0,1,13.937,-903902649895682029992353676941903963918739184002820969857024.000
155,0,2,13.937,19342813113834066795298816.000
155,0,3,13.937,401734511064747568885490523085290650630550748445698208825344.000
155,1,0,13.937,703035394363308245549608415399258638603463809779971865444352.000
155,1,1,13.937,0.000
155,1,2,13.937,-74106937111882365071085430405560261026092790186009960985252853765064402969559040.000
155,1,3,13.937,0.000
155,2,0,13.937,38685626227668133590597632.000
155,2,1,13.937,88928324534258838085302516486672313231311348223211953182303424518077283563470848.000
155,2,2,13.937,0.000
155,2,3,13.937,-59285549689505892056868344324448208820874232148807968788202283012051522375647232.000
155,3,0,13.937,-401734511064747568885490523085290650630550748445698208825344.000
155,3,1,13.937,0.000
155,3,2,13.937,0.000
155,3,3,13.937,0.000
156,0,0,13.987,0.000
156,0,1,13.987,-703035394363308245549608415399258638603463809779971865444352.000
156,0,2,13.987,4835703278458516698824704.000
156,0,3,13.987,552384952714027907217549469242274644617007279112835037134848.000
156,1,0,13.987,1606938044258990275541962092341162602522202993782792835301376.000
156,1,1,13.987,0.000
156,1,2,13.987,259374279891588277748799006419460913591324765651034863448384988177725410393456640.000
156,1,3,13.987,0.000
156,2,0,13.987,101549768847628850675318784.000
156,2,1,13.987,-222320811335647095213256291216680783078278370558029882955758561295193208908677120.000
156,2,2,13.987,0.000
156,2,3,13.987,318659829581094169805667350743909122412198997799842832236587271189776932769103872.000
156,3,0,13.987,-803469022129495137770981046170581301261101496891396417650688.000
156,3,1,13.987,0.000
156,3,2,13.987,-285311707880747105523678907061407004950457242216138349793223486995497951432802304.000
156,3,3,13.987,0.000
157,0,0,14.037,0.000
157,0,1,14.037,-2008672555323737844427452615426453253152753742228491044126720.000
157,0,2,14.037,-106385472126087367374143488.000
157,0,3,14.037,1707371672025177167763334723112485265179840680894217387507712.000
157,1,0,14.037,301300883298560676664117892313967987972913061334273656619008.000
157,1,1,14.037,0.000
157,1,2,14.037,122276446234605902367290960169174430693053103806916435625667208712356264899772416.000
157,1,3,14.037,-230871130056998901634447500586778987139139097287883476570009531665502276004866468426255466337216302582851335880704.000
157,2,0,14.037,154742504910672534362390528.000
157,2,1,14.037,-70401590256288246817531158885282247974788150676709462935990211076811182821081088.000
157,2,2,14.037,0.000
157,2,3,14.037,62990896545100010310422615844726221872178871658108466837464925700304742524125184.000
157,3,0,14.037,1054553091544962368324412623098887957905195714669957798166528.000
157,3,1,14.037,230871130056998901634447500586778987139139097287883476570009531665502276004866468426255466337216302582851335880704.000
157,3,2,14.037,-118571099379011784113736688648896417641748464297615937576404566024103044751294464.000
157,3,3,14.037,0.000
158,0,0,14.211,0.000
158,0,1,14.211,-3113442460751793658862551553911002542386768300454161118396416.000
158,0,2,14.211,-309485009821345068724781056.000
158,0,3,14.211,3916911482881288796633532600081583843647869797345557536047104.000
158,1,0,14.211,1606938044258990275541962092341162602522202993782792835301376.000
158,1,1,14.211,0.000
158,1,2,14.211,118571099379011784113736688648896417641748464297615937576404566024103044751294464.000
158,1,3,14.211,0.000
158,2,0,14.211,435213295061266502894223360.000
158,2,1,14.211,-355713298137035352341210065946689252925245392892847812729213698072309134253883392.000
158,2,2,14.211,0.000
158,2,3,14.211,1067139894411106057023630197840067758775736178678543438187641094216927402761650176.000
158,3,0,14.211,401734511064747568885490523085290650630550748445698208825344.000
158,3,1,14.211,0.000
158,3,2,14.211,-237142198758023568227473377297792835283496928595231875152809132048206089502588928.000
158,3,3,14.211,0.000
159,0,0,14.378,0.000
159,0,1,14.378,-51422017416287688817342786954917203280710495801049370729644032.000
159,0,2,14.378,-773712524553362671811952640.000
159,0,3,14.378,-83560778301467494328182028801740455331154555676705227435671552.000
159,1,0,14.378,-19283256531107883306503545108093951230266435925393514023616512.000
159,1,1,14.378,0.000
159,1,2,14.378,-75885503602567541832791480735293707290719017150474200048898922255425948640828456960.000
159,1,3,14.378,2521728396569246669585858566409191283525103313309788586748690777871726193375821479130513040312634601011624191379636224.000
159,2,0,14.378,154742504910672534362390528.000
159,2,1,14.378,0.000
159,2,2,14.378,0.000
159,2,3,14.378,-30354201441027016733116592294117482916287606860189680019559568902170379456331382784.000
159,3,0,14.378,-38566513062215766613007090216187902460532871850787028047233024.000
159,3,1,14.378,-5043456793138493339171717132818382567050206626619577173497381555743452386751642958261026080625269202023248382759272448.000
159,3,2,14.378,30354201441027016733116592294117482916287606860189680019559568902170379456331382784.000
159,3,3,14.378,0.000
160,0,0,14.429,0.000
160,0,1,14.429,-6427752177035961102167848369364650410088811975131171341205504.000
160,0,2,14.429,-657655645870358271040159744.000
160,0,3,14.429,-89988530478503455430349877171105105741243367651836398776877056.000
160,1,0,14.429,134982795717755183145524815756657658611865051477754598165315584.000
160,1,1,14.429,0.000
160,1,2,14.429,9485687950320942729098935091911713411339877143809275006112365281928243580103557120.000
160,1,3,14.429,2521728396569246669585858566409191283525103313309788586748690777871726193375821479130513040312634601011624191379636224.000
160,2,0,14.429,657655645870358271040159744.000
160,2,1,14.429,-49325577341668902191314462477940909738967361147808230031784299466026866616538497024.000
160,2,2,14.429,0.000
160,2,3,14.429,18971375900641885458197870183823426822679754287618550012224730563856487160207114240.000
160,3,0,14.429,-183190937045524891411783678526892536687531141291238383224356864.000
160,3,1,14.429,-5043456793138493339171717132818382567050206626619577173497381555743452386751642958261026080625269202023248382759272448.000
160,3,2,14.429,-56914127701925656374593610551470280468039262862855650036674191691569461480621342720.000
160,3,3,14.429,0.000
161,0,0,14.481,0.000
161,0,1,14.481,-28924884796661824959755317662140926845399653888090271035424768.000
161,0,2,14.481,-406199075390515402701275136.000
161,0,3,14.481,-102844034832575377634685573909834406561420991602098741459288064.000
161,1,0,14.481,80346902212949513777098104617058130126110149689139641765068800.000
161,1,1,14.481,0.000
161,1,2,14.481,15177100720513508366558296147058741458143803430094840009779784451085189728165691392.000
161,1,3,14.481,6934753090565428341361111057625276029694034111601918613558899639147247031783509067608910860859745152781966526293999616.000
161,2,0,14.481,589955799971939037256613888.000
161,2,1,14.481,-55016990111861467828773823533087937785771287434093795035451718635183812764600631296.000
161,2,2,14.481,0.000
161,2,3,14.481,62605540472118222012052971606617308514843189149141215040341610860726407628683476992.000
161,3,0,14.481,-144624423983309124798776588310704634226998269440451355177123840.000
161,3,1,14.481,-13239074081988545015325757473648254238506792394876390080430626583826562515223062765435193461641331655311027004743090176.000
161,3,2,14.481,-43634164571476336553855101422793881692163434861522665028116880296869920468476362752.000
161,3,3,14.481,0.000
162,0,0,14.644,0.000
162,0,1,14.644,-231399078373294599678042541297127414763197231104722168283398144.000
162,0,2,14.644,-154742504910672534362390528.000
162,0,3,14.644,64277521770359611021678483693646504100888119751311713412055040.000
162,1,0,14.644,-38566513062215766613007090216187902460532871850787028047233024.000
162,1,1,14.644,0.000
162,1,2,14.644,121416805764108066932466369176469931665150427440758720078238275608681517825325531136.000
162,1,3,14.644,80695308690215893426747474125094121072803306025913234775958104891895238188026287332176417290004307232371974124148359168.000
162,2,0,14.644,-232113757366008801543585792.000
162,2,1,14.644,-121416805764108066932466369176469931665150427440758720078238275608681517825325531136.000
162,2,2,14.644,0.000
162,2,3,14.644,121416805764108066932466369176469931665150427440758720078238275608681517825325531136.000
162,3,0,14.644,-411376139330301510538742295639337626245683966408394965837152256.000
162,3,1,14.644,-80695308690215893426747474125094121072803306025913234775958104891895238188026287332176417290004307232371974124148359168.000
162,3,2,14.644,-121416805764108066932466369176469931665150427440758720078238275608681517825325531136.000
162,3,3,14.644,0.000
