163,4,time,val
0,0,0.062,2.085
0,1,0.062,2.256
0,2,0.062,2.044
0,3,0.062,-1.469
1,0,0.125,2.063
1,1,0.125,2.313
1,2,0.125,2.060
1,3,0.125,-1.521
2,0,0.252,2.003
2,1,0.252,2.436
2,2,0.252,2.008
2,3,0.252,-1.532
3,0,0.402,1.880
3,1,0.402,2.668
3,2,0.402,1.898
3,3,0.402,-1.532
4,0,0.504,1.747
4,1,0.504,2.920
4,2,0.504,1.779
4,3,0.504,-1.532
5,0,0.581,1.631
5,1,0.581,3.140
5,2,0.581,1.677
5,3,0.581,-1.532
6,0,0.657,1.527
6,1,0.657,3.333
6,2,0.657,1.587
6,3,0.657,-1.532
7,0,0.730,1.460
7,1,0.730,3.453
7,2,0.730,1.534
7,3,0.730,-1.532
8,0,0.808,1.423
8,1,0.808,3.515
8,2,0.808,1.509
8,3,0.808,-1.532
9,0,0.908,1.402
9,1,0.908,3.542
9,2,0.908,1.503
9,3,0.908,-1.532
10,0,1.066,1.385
10,1,1.066,3.548
10,2,1.066,1.514
10,3,1.066,-1.532
11,0,1.314,1.357
11,1,1.314,3.535
11,2,1.314,1.541
11,3,1.314,-1.519
12,0,1.360,1.350
12,1,1.360,3.548
12,2,1.360,1.549
12,3,1.360,-1.532
13,0,1.406,1.342
13,1,1.406,3.548
13,2,1.406,1.557
13,3,1.406,-1.532
14,0,1.593,1.308
14,1,1.593,3.548
14,2,1.593,1.591
14,3,1.593,-1.532
15,0,1.914,1.233
15,1,1.914,3.534
15,2,1.914,1.666
15,3,1.914,-1.518
16,0,1.958,1.218
16,1,1.958,3.548
16,2,1.958,1.681
16,3,1.958,-1.532
17,0,2.003,1.202
17,1,2.003,3.548
17,2,2.003,1.697
17,3,2.003,-1.532
18,0,2.183,1.136
18,1,2.183,3.548
18,2,2.183,1.763
18,3,2.183,-1.532
19,0,2.671,0.952
19,1,2.671,3.540
19,2,2.671,1.947
19,3,2.671,-1.524
20,0,2.728,0.930
20,1,2.728,3.546
20,2,2.728,1.968
20,3,2.728,-1.530
21,0,2.784,0.911
21,1,2.784,3.548
21,2,2.784,1.988
21,3,2.784,-1.532
22,0,2.907,0.874
22,1,2.907,3.546
22,2,2.907,2.024
22,3,2.907,-1.530
23,0,3.028,0.846
23,1,3.028,3.540
23,2,3.028,2.053
23,3,3.028,-1.524
24,0,3.086,0.836
24,1,3.086,3.546
24,2,3.086,2.063
24,3,3.086,-1.530
25,0,3.143,0.828
25,1,3.143,3.548
25,2,3.143,2.071
25,3,3.143,-1.532
26,0,3.263,0.813
26,1,3.263,3.546
26,2,3.263,2.086
26,3,3.263,-1.530
27,0,3.381,0.804
27,1,3.381,3.540
27,2,3.381,2.095
27,3,3.381,-1.524
28,0,3.439,0.800
28,1,3.439,3.546
28,2,3.439,2.098
28,3,3.439,-1.530
29,0,3.498,0.798
29,1,3.498,3.548
29,2,3.498,2.101
29,3,3.498,-1.532
30,0,3.614,0.794
30,1,3.614,3.546
30,2,3.614,2.105
30,3,3.614,-1.530
31,0,3.730,0.791
31,1,3.730,3.540
31,2,3.730,2.108
31,3,3.730,-1.524
32,0,3.788,0.790
32,1,3.788,3.546
32,2,3.788,2.109
32,3,3.788,-1.530
33,0,3.847,0.789
33,1,3.847,3.548
33,2,3.847,2.110
33,3,3.847,-1.531
34,0,3.961,0.788
34,1,3.961,3.546
34,2,3.961,2.111
34,3,3.961,-1.530
35,0,4.074,0.787
35,1,4.074,3.540
35,2,4.074,2.111
35,3,4.074,-1.524
36,0,4.134,0.787
36,1,4.134,3.546
36,2,4.134,2.112
36,3,4.134,-1.530
37,0,4.193,0.787
37,1,4.193,3.548
37,2,4.193,2.112
37,3,4.193,-1.531
38,0,4.305,0.787
38,1,4.305,3.546
38,2,4.305,2.112
38,3,4.305,-1.530
39,0,4.416,0.786
39,1,4.416,3.541
39,2,4.416,2.112
39,3,4.416,-1.524
40,0,4.476,0.786
40,1,4.476,3.546
40,2,4.476,2.112
40,3,4.476,-1.530
41,0,4.536,0.786
41,1,4.536,3.547
41,2,4.536,2.112
41,3,4.536,-1.531
42,0,4.646,0.786
42,1,4.646,3.546
42,2,4.646,2.112
42,3,4.646,-1.530
43,0,4.755,0.786
43,1,4.755,3.541
43,2,4.755,2.113
43,3,4.755,-1.525
44,0,4.815,0.786
44,1,4.815,3.546
44,2,4.815,2.113
44,3,4.815,-1.530
45,0,4.876,0.786
45,1,4.876,3.547
45,2,4.876,2.113
45,3,4.876,-1.531
46,0,4.984,0.786
46,1,4.984,3.546
46,2,4.984,2.113
46,3,4.984,-1.530
47,0,5.091,0.786
47,1,5.091,3.541
47,2,5.091,2.113
47,3,5.091,-1.525
48,0,5.152,0.786
48,1,5.152,3.546
48,2,5.152,2.113
48,3,5.152,-1.530
49,0,5.214,0.786
49,1,5.214,3.547
49,2,5.214,2.113
49,3,5.214,-1.531
50,0,5.320,0.786
50,1,5.320,3.546
50,2,5.320,2.113
50,3,5.320,-1.530
51,0,5.425,0.786
51,1,5.425,3.541
51,2,5.425,2.113
51,3,5.425,-1.525
52,0,5.487,0.786
52,1,5.487,3.546
52,2,5.487,2.113
52,3,5.487,-1.530
53,0,5.549,0.786
53,1,5.549,3.547
53,2,5.549,2.113
53,3,5.549,-1.531
54,0,5.653,0.786
54,1,5.653,3.546
54,2,5.653,2.113
54,3,5.653,-1.530
55,0,5.757,0.786
55,1,5.757,3.541
55,2,5.757,2.113
55,3,5.757,-1.525
56,0,5.820,0.786
56,1,5.820,3.546
56,2,5.820,2.113
56,3,5.820,-1.529
57,0,5.882,0.786
57,1,5.882,3.547
57,2,5.882,2.113
57,3,5.882,-1.531
58,0,5.985,0.786
58,1,5.985,3.546
58,2,5.985,2.113
58,3,5.985,-1.529
59,0,6.088,0.786
59,1,6.088,3.541
59,2,6.088,2.113
59,3,6.088,-1.525
60,0,6.151,0.786
60,1,6.151,3.546
60,2,6.151,2.113
60,3,6.151,-1.529
61,0,6.213,0.786
61,1,6.213,3.547
61,2,6.213,2.113
61,3,6.213,-1.531
62,0,6.315,0.786
62,1,6.315,3.546
62,2,6.315,2.113
62,3,6.315,-1.529
63,0,6.417,0.786
63,1,6.417,3.541
63,2,6.417,2.113
63,3,6.417,-1.525
64,0,6.480,0.786
64,1,6.480,3.545
64,2,6.480,2.113
64,3,6.480,-1.529
65,0,6.543,0.786
65,1,6.543,3.547
65,2,6.543,2.113
65,3,6.543,-1.531
66,0,6.644,0.786
66,1,6.644,3.545
66,2,6.644,2.113
66,3,6.644,-1.529
67,0,6.744,0.786
67,1,6.744,3.541
67,2,6.744,2.113
67,3,6.744,-1.525
68,0,6.808,0.786
68,1,6.808,3.545
68,2,6.808,2.113
68,3,6.808,-1.529
69,0,6.871,0.786
69,1,6.871,3.547
69,2,6.871,2.113
69,3,6.871,-1.531
70,0,6.971,0.786
70,1,6.971,3.545
70,2,6.971,2.113
70,3,6.971,-1.529
71,0,7.070,0.786
71,1,7.070,3.541
71,2,7.070,2.113
71,3,7.070,-1.525
72,0,7.134,0.786
72,1,7.134,3.545
72,2,7.134,2.113
72,3,7.134,-1.529
73,0,7.198,0.786
73,1,7.198,3.547
73,2,7.198,2.113
73,3,7.198,-1.531
74,0,7.297,0.786
74,1,7.297,3.545
74,2,7.297,2.113
74,3,7.297,-1.529
75,0,7.395,0.786
75,1,7.395,3.542
75,2,7.395,2.113
75,3,7.395,-1.525
76,0,7.460,0.786
76,1,7.460,3.545
76,2,7.460,2.113
76,3,7.460,-1.529
77,0,7.524,0.786
77,1,7.524,3.547
77,2,7.524,2.113
77,3,7.524,-1.531
78,0,7.622,0.786
78,1,7.622,3.545
78,2,7.622,2.113
78,3,7.622,-1.529
79,0,7.719,0.786
79,1,7.719,3.542
79,2,7.719,2.113
79,3,7.719,-1.526
80,0,7.784,0.786
80,1,7.784,3.545
80,2,7.784,2.113
80,3,7.784,-1.529
81,0,7.849,0.786
81,1,7.849,3.547
81,2,7.849,2.113
81,3,7.849,-1.531
82,0,7.946,0.786
82,1,7.946,3.545
82,2,7.946,2.113
82,3,7.946,-1.529
83,0,8.042,0.786
83,1,8.042,3.542
83,2,8.042,2.113
83,3,8.042,-1.526
84,0,8.107,0.786
84,1,8.107,3.545
84,2,8.107,2.113
84,3,8.107,-1.529
85,0,8.173,0.786
85,1,8.173,3.547
85,2,8.173,2.113
85,3,8.173,-1.531
86,0,8.268,0.786
86,1,8.268,3.545
86,2,8.268,2.113
86,3,8.268,-1.529
87,0,8.364,0.786
87,1,8.364,3.542
87,2,8.364,2.113
87,3,8.364,-1.526
88,0,8.430,0.786
88,1,8.430,3.545
88,2,8.430,2.113
88,3,8.430,-1.529
89,0,8.495,0.786
89,1,8.495,3.547
89,2,8.495,2.113
89,3,8.495,-1.531
90,0,8.590,0.786
90,1,8.590,3.545
90,2,8.590,2.113
90,3,8.590,-1.529
91,0,8.685,0.786
91,1,8.685,3.542
91,2,8.685,2.113
91,3,8.685,-1.526
92,0,8.751,0.786
92,1,8.751,3.545
92,2,8.751,2.113
92,3,8.751,-1.529
93,0,8.817,0.786
93,1,8.817,3.547
93,2,8.817,2.113
93,3,8.817,-1.531
94,0,8.912,0.786
94,1,8.912,3.545
94,2,8.912,2.113
94,3,8.912,-1.529
95,0,9.006,0.786
95,1,9.006,3.542
95,2,9.006,2.113
95,3,9.006,-1.526
96,0,9.072,0.786
96,1,9.072,3.545
96,2,9.072,2.113
96,3,9.072,-1.529
97,0,9.138,0.786
97,1,9.138,3.547
97,2,9.138,2.113
97,3,9.138,-1.530
98,0,9.232,0.786
98,1,9.232,3.545
98,2,9.232,2.113
98,3,9.232,-1.529
99,0,9.326,0.786
99,1,9.326,3.542
99,2,9.326,2.113
99,3,9.326,-1.526
100,0,9.392,0.786
100,1,9.392,3.545
100,2,9.392,2.113
100,3,9.392,-1.529
101,0,9.459,0.786
101,1,9.459,3.547
101,2,9.459,2.113
101,3,9.459,-1.530
102,0,9.552,0.786
102,1,9.552,3.545
102,2,9.552,2.113
102,3,9.552,-1.529
103,0,9.645,0.786
103,1,9.645,3.542
103,2,9.645,2.113
103,3,9.645,-1.526
104,0,9.712,0.786
104,1,9.712,3.545
104,2,9.712,2.113
104,3,9.712,-1.529
105,0,9.779,0.786
105,1,9.779,3.547
105,2,9.779,2.113
105,3,9.779,-1.530
106,0,9.871,0.786
106,1,9.871,3.545
106,2,9.871,2.113
106,3,9.871,-1.529
107,0,9.963,0.786
107,1,9.963,3.542
107,2,9.963,2.113
107,3,9.963,-1.526
108,0,10.031,0.786
108,1,10.031,3.545
108,2,10.031,2.113
108,3,10.031,-1.529
109,0,10.098,0.786
109,1,10.098,3.546
109,2,10.098,2.113
109,3,10.098,-1.530
110,0,10.190,0.786
110,1,10.190,3.545
110,2,10.190,2.113
110,3,10.190,-1.529
111,0,10.281,0.786
111,1,10.281,3.542
111,2,10.281,2.113
111,3,10.281,-1.526
112,0,10.349,0.786
112,1,10.349,3.545
112,2,10.349,2.113
112,3,10.349,-1.529
113,0,10.417,0.786
113,1,10.417,3.546
113,2,10.417,2.113
113,3,10.417,-1.530
114,0,10.508,0.786
114,1,10.508,3.545
114,2,10.508,2.113
114,3,10.508,-1.529
115,0,10.599,0.786
115,1,10.599,3.542
115,2,10.599,2.113
115,3,10.599,-1.526
116,0,10.667,0.786
116,1,10.667,3.545
116,2,10.667,2.113
116,3,10.667,-1.529
117,0,10.735,0.786
117,1,10.735,3.546
117,2,10.735,2.113
117,3,10.735,-1.530
118,0,10.825,0.786
118,1,10.825,3.545
118,2,10.825,2.113
118,3,10.825,-1.529
119,0,10.916,0.786
119,1,10.916,3.542
119,2,10.916,2.113
119,3,10.916,-1.526
120,0,10.984,0.786
120,1,10.984,3.545
120,2,10.984,2.113
120,3,10.984,-1.529
121,0,11.052,0.786
121,1,11.052,3.546
121,2,11.052,2.113
121,3,11.052,-1.530
122,0,11.143,0.786
122,1,11.143,3.545
122,2,11.143,2.113
122,3,11.143,-1.529
123,0,11.233,0.786
123,1,11.233,3.542
123,2,11.233,2.113
123,3,11.233,-1.526
124,0,11.301,0.786
124,1,11.301,3.545
124,2,11.301,2.113
124,3,11.301,-1.529
125,0,11.369,0.786
125,1,11.369,3.546
125,2,11.369,2.113
125,3,11.369,-1.530
126,0,11.459,0.786
126,1,11.459,3.545
126,2,11.459,2.113
126,3,11.459,-1.529
127,0,11.549,0.786
127,1,11.549,3.542
127,2,11.549,2.113
127,3,11.549,-1.526
128,0,11.618,0.786
128,1,11.618,3.545
128,2,11.618,2.113
128,3,11.618,-1.529
129,0,11.686,0.786
129,1,11.686,3.546
129,2,11.686,2.113
129,3,11.686,-1.530
130,0,11.776,0.786
130,1,11.776,3.545
130,2,11.776,2.113
130,3,11.776,-1.529
131,0,11.865,0.786
131,1,11.865,3.542
131,2,11.865,2.113
131,3,11.865,-1.526
132,0,11.934,0.786
132,1,11.934,3.545
132,2,11.934,2.113
132,3,11.934,-1.529
133,0,12.003,0.786
133,1,12.003,3.546
133,2,12.003,2.113
133,3,12.003,-1.530
134,0,12.091,0.786
134,1,12.091,3.545
134,2,12.091,2.113
134,3,12.091,-1.529
135,0,12.180,0.786
135,1,12.180,3.542
135,2,12.180,2.113
135,3,12.180,-1.526
136,0,12.249,0.786
136,1,12.249,3.545
136,2,12.249,2.113
136,3,12.249,-1.529
137,0,12.319,0.786
137,1,12.319,3.546
137,2,12.319,2.113
137,3,12.319,-1.530
138,0,12.407,0.786
138,1,12.407,3.545
138,2,12.407,2.113
138,3,12.407,-1.529
139,0,12.495,0.786
139,1,12.495,3.542
139,2,12.495,2.113
139,3,12.495,-1.526
140,0,12.565,0.786
140,1,12.565,3.545
140,2,12.565,2.113
140,3,12.565,-1.529
141,0,12.634,0.786
141,1,12.634,3.546
141,2,12.634,2.113
141,3,12.634,-1.530
142,0,12.722,0.786
142,1,12.722,3.545
142,2,12.722,2.113
142,3,12.722,-1.529
143,0,12.810,0.786
143,1,12.810,3.543
143,2,12.810,2.113
143,3,12.810,-1.526
144,0,12.880,0.786
144,1,12.880,3.545
144,2,12.880,2.113
144,3,12.880,-1.528
145,0,12.950,0.786
145,1,12.950,3.546
145,2,12.950,2.113
145,3,12.950,-1.530
146,0,13.037,0.786
146,1,13.037,3.545
146,2,13.037,2.113
146,3,13.037,-1.528
147,0,13.125,0.786
147,1,13.125,3.543
147,2,13.125,2.113
147,3,13.125,-1.526
148,0,13.195,0.786
148,1,13.195,3.545
148,2,13.195,2.113
148,3,13.195,-1.528
149,0,13.265,0.786
149,1,13.265,3.546
149,2,13.265,2.113
149,3,13.265,-1.530
150,0,13.352,0.786
150,1,13.352,3.545
150,2,13.352,2.113
150,3,13.352,-1.528
151,0,13.461,0.786
151,1,13.461,3.537
151,2,13.461,2.113
151,3,13.461,-1.520
152,0,13.510,0.786
152,1,13.510,3.547
152,2,13.510,2.113
152,3,13.510,-1.531
153,0,13.558,0.786
153,1,13.558,3.548
153,2,13.558,2.113
153,3,13.558,-1.532
154,0,13.750,0.786
154,1,13.750,3.547
154,2,13.750,2.113
154,3,13.750,-1.531
155,0,13.937,0.786
155,1,13.937,3.537
155,2,13.937,2.113
155,3,13.937,-1.521
156,0,13.987,0.786
156,1,13.987,3.547
156,2,13.987,2.113
156,3,13.987,-1.531
157,0,14.037,0.786
157,1,14.037,3.548
157,2,14.037,2.113
157,3,14.037,-1.532
158,0,14.211,0.786
158,1,14.211,3.547
158,2,14.211,2.113
158,3,14.211,-1.531
159,0,14.378,0.786
159,1,14.378,3.538
159,2,14.378,2.113
159,3,14.378,-1.521
160,0,14.429,0.786
160,1,14.429,3.547
160,2,14.429,2.113
160,3,14.429,-1.531
161,0,14.481,0.786
161,1,14.481,3.548
161,2,14.481,2.113
161,3,14.481,-1.532
162,0,14.644,0.786
162,1,14.644,3.547
162,2,14.644,2.113
162,3,14.644,-1.531
