163,4,time,invariant
0,0.062,26.080
1,0.125,26.473
2,0.252,26.631
3,0.402,26.912
4,0.504,27.401
5,0.581,27.983
6,0.657,28.615
7,0.730,29.063
8,0.808,29.311
9,0.908,29.425
10,1.066,29.450
11,1.314,29.335
12,1.360,29.462
13,1.406,29.470
14,1.593,29.484
15,1.914,29.402
16,1.958,29.552
17,2.003,29.569
18,2.183,29.642
19,2.671,29.856
20,2.728,29.966
21,2.784,30.019
22,2.907,30.091
23,3.028,30.591
24,3.086,38.681
25,3.143,34.717
26,3.263,534.738
27,3.381,-8169.300
28,3.439,-8169.230
29,3.498,-32745.208
30,3.614,524310.788
31,3.730,67108886.735
32,3.788,201326614.796
33,3.847,134217750.814
34,3.961,22.800
35,4.074,22.751
36,4.134,-137438953449.104
37,4.193,-137438953449.113
38,4.305,-13194139533289.178
39,4.416,281474976710672.625
40,4.476,281474976710680.750
41,4.536,562949953421351.750
42,4.646,18014398509482172.000
43,4.755,576460752303425536.000
44,4.815,-1152921504606842368.000
45,4.876,2305843009213703168.000
46,4.984,147573952589676412928.000
47,5.091,-3541774862152233910272.000
48,5.152,262144.000
49,5.214,9444732965739290427392.000
50,5.320,-151115727451828646838272.000
51,5.425,100663574.531
52,5.487,-134218057.421
53,5.549,19342813113834071090266112.000
54,5.653,-1547425049106725343623905280.000
55,5.757,-59421121885698253195157962752.000
56,5.820,-59421121885698253195157962752.000
57,5.882,-79228162514264337593543950336.000
58,5.985,687194865686.579
59,6.088,-40564819207303340847894502572032.000
60,6.151,-81129638414606681695789005144064.000
61,6.213,25288767438848.000
62,6.315,-791648371998720.000
63,6.417,-249230249209671726169463823802564608.000
64,6.480,-166153499473114484112975882535043072.000
65,6.543,-332306998946228968225951765070086144.000
66,6.644,-21267647932558653966460912964485513216.000
67,6.744,-510423550381407695195061911147652317184.000
68,6.808,-680564733841876926926749214863536422912.000
69,6.871,9223372036854775808.000
70,6.971,65334214448820184984967924626899496599552.000
71,7.070,696898287454081973172991196020261297061888.000
72,7.134,2787593149816327892691964784081045188247552.000
73,7.198,2787593149816327892691964784081045188247552.000
74,7.297,89202980794122492566142873090593446023921664.000
75,7.395,-2854495385411919762116571938898990272765493248.000
76,7.460,-2854495385411919762116571938898990272765493248.000
77,7.524,3626777458843887524118528.000
78,7.622,-182687704666362864775460604089535377456991567872.000
79,7.719,-5846006549323611672814739330865132078623730171904.000
80,7.784,-11692013098647223345629478661730264157247460343808.000
81,7.849,-23384026197294446691258957323460528314494920687616.000
82,7.946,374144419156711147060143317175368453031918731001856.000
83,8.042,11972621413014756705924586149611790497021399392059392.000
84,8.107,23945242826029513411849172299223580994042798784118784.000
85,8.173,-143671456956177080471095033795341485964256792704712704.000
86,8.268,1532495540865888858358347027150309183618739122183602176.000
87,8.364,49039857307708443467467104868809893875799651909875269632.000
88,8.430,-1622592768290362746484703985926144.000
89,8.495,-196159429230833773869868419475239575503198607639501078528.000
90,8.590,-3138550867693340381917894711603833208051177722232017256448.000
91,8.685,-50216813883093446110686315385661331328818843555712276103168.000
92,8.751,-415383748684524041148135735776247808.000
93,8.817,803469022129495137770981046170581301261101496891396417650688.000
94,8.912,-12855504354071922204335696738729300820177623950262342682411008.000
95,9.006,205688069665150755269371147819668813122841983204197482918576128.000
96,9.072,42535295865407450129629336930900508672.000
97,9.138,170141183460469231731687303715884105728.000
98,9.232,-26328072917139296674479506920917608079723773850137277813577744384.000
99,9.326,421249166674228746791672110734681729275580381602196445017243910144.000
100,9.392,842498333348457493583344221469363458551160763204392890034487820288.000
101,9.459,-3369993333393829974333376885877453834204643052817571560137951281152.000
102,9.552,-53919893334301279589334030174039261347274288845081144962207220498432.000
103,9.645,1725436586697640946858688965569256363112777243042596638790631055949824.000
104,9.712,-3450873173395281893717377931138512726225554486085193277581262111899648.000
105,9.779,-20705239040371691362304267586831076357353326916511159665487572671397888.000
106,9.871,110427941548649020598956093796432407239217743554726184882600387580788736.000
107,9.963,-5708990770823839524233143877797980545530986496.000
108,10.031,7067388259113537318333190002971674063309935587502475832486424805170479104.000
109,10.098,56539106072908298546665520023773392506479484700019806659891398441363832832.000
110,10.190,-365375409332725729550921208179070754913983135744.000
111,10.281,5846006549323653211189607609486160322594363932672.000
112,10.349,0.000
113,10.417,116920130986472233456294786617302641572474603438080.000
114,10.508,1852673427797059126777135760139006525652319754650249024631321344126610074238976.000
115,10.599,14821387422376473014217086081112052205218558037201992197050570753012880593911808.000
116,10.667,118571099379011784113736688648896417641748464297615937576404566024103044751294464.000
117,10.735,355713298137035352341210065946689252925245392892847812729213698072309134253883392.000
118,10.825,95780971304118096182692554314202256897997124107501568.000
119,10.916,-60708402882054033466233184588234965832575213720379360039119137804340758912662765568.000
120,10.984,0.000
121,11.052,-485667223056432267729865476705879726660601709763034880312953102434726071301302124544.000
122,11.143,15541351137805832567355695254588151253139254712417116170014499277911234281641667985408.000
123,11.233,124330809102446660538845562036705210025114037699336929360115994223289874253133343883264.000
124,11.301,745984854614679963233073372220231260150684226196021576160695965339739245518800063299584.000
125,11.369,-43939712147706765346850525962453664912716488111248241590272.000
126,11.459,79571717825565862744861159703491334416072984127575634790474236302905519522005340085288960.000
127,11.549,509258994083621521567111422102344540262867098416484062659035112338595324940834176545849344.000
128,11.618,2037035976334486086268445688409378161051468393665936250636140449354381299763336706183397376.000
129,11.686,-4074071952668972172536891376818756322102936787331872501272280898708762599526673412366794752.000
130,11.776,-102844034832575377634685573909834406561420991602098741459288064.000
131,11.865,2085924839766513752338888384931203236916703635113918720651407820138886450957656787131798913024.000
132,11.934,-1645504557321206042154969182557350504982735865633579863348609024.000
133,12.003,-8343699359066055009355553539724812947666814540455674882605631280555545803830627148527195652096.000
134,12.091,-133499189745056880149688856635597007162669032647290798121690100488888732861290034376435130433536.000
135,12.180,-1067993517960455041197510853084776057301352261178326384973520803911109862890320275011481043468288.000
136,12.249,842498333348457493583344221469363458551160763204392890034487820288.000
137,12.319,-842498333348457493583344221469363458551160763204392890034487820288.000
138,12.407,273406340597876490546562778389702670669146178861651554553221325801244124899921990402939147127881728.000
139,12.495,-13123504348698071546235013362705728192119016585359274618554623638459717995196255539341079062138322944.000
140,12.565,-8749002899132047697490008908470485461412677723572849745703082425639811996797503692894052708092215296.000
141,12.634,34996011596528190789960035633881941845650710894291398982812329702559247987190014771576210832368861184.000
142,12.722,559936185544451052639360570142111069530411374308662383724997275240947967795040236345219373317901778944.000
143,12.810,35835915874844867368919076489095108449946327955754392558399825615420669938882575126094039892345713852416.000
144,12.880,35835915874844867368919076489095108449946327955754392558399825615420669938882575126094039892345713852416.000
145,12.950,0.000
146,13.037,1146749307995035755805410447651043470398282494584140561868794419693461438044242404035009276555062843277312.000
147,13.125,56539106072908298546665520023773392506479484700019806659891398441363832832.000
148,13.195,-73391955711682288371546268649666782105490079653384995959602842860381532034831513858240593699524021969747968.000
149,13.265,-293567822846729153486185074598667128421960318613539983838411371441526128139326055432962374798096087878991872.000
150,13.352,4697085165547666455778961193578674054751365097816639741414581943064418050229216886927397996769537406063869952.000
151,13.461,-300613450595050653169853516389035139504087366260264943450533244356122755214669880763353471793250393988087676928.000
152,13.510,-300613450595050653169853516389035139504087366260264943450533244356122755214669880763353471793250393988087676928.000
153,13.558,-122124214304239327850252991033045525423535492543232633276779130519674869305959639060112347916007972557660618752.000
154,13.750,2404907604760405225358828131112281116032698930082119547604265954848982041717359046106827774346003151904701415424.000
155,13.937,-44464162267129419042651258243336156615655674111605976591151712259038641781735424.000
156,13.987,70401590256288246817531158885282247974788150676709462935990211076811182821081088.000
157,14.037,-118571099379011784113736688648896417641748464297615937576404566024103044751294464.000
158,14.211,592855496895058920568683443244482088208742321488079687882022830120515223756472320.000
159,14.378,-2521728396569246669585858566409191283525103313309788586748690777871726193375821479130513040312634601011624191379636224.000
160,14.429,-2521728396569246669585858566409191283525103313309788586748690777871726193375821479130513040312634601011624191379636224.000
161,14.481,-6304320991423116673964646416022978208812758283274471466871726944679315483439553697826282600781586502529060478449090560.000
162,14.644,-121416805764108066932466369176469931665150427440758720078238275608681517825325531136.000
