228,4,time,val
0,0,0,0.000,0.000
0,0,1,0.000,-0.025
0,0,2,0.000,0.000
0,0,3,0.000,0.000
0,1,0,0.000,-0.025
0,1,1,0.000,0.000
0,1,2,0.000,-0.025
0,1,3,0.000,0.000
0,2,0,0.000,0.000
0,2,1,0.000,-0.025
0,2,2,0.000,0.000
0,2,3,0.000,-0.025
0,3,0,0.000,0.000
0,3,1,0.000,0.000
0,3,2,0.000,-0.025
0,3,3,0.000,0.000
1,0,0,0.000,0.000
1,0,1,0.000,-0.025
1,0,2,0.000,0.000
1,0,3,0.000,0.000
1,1,0,0.000,-0.025
1,1,1,0.000,0.000
1,1,2,0.000,-0.025
1,1,3,0.000,0.000
1,2,0,0.000,0.000
1,2,1,0.000,-0.025
1,2,2,0.000,0.000
1,2,3,0.000,-0.025
1,3,0,0.000,0.000
1,3,1,0.000,0.000
1,3,2,0.000,-0.025
1,3,3,0.000,0.000
2,0,0,0.000,0.000
2,0,1,0.000,-0.025
2,0,2,0.000,0.000
2,0,3,0.000,0.000
2,1,0,0.000,-0.025
2,1,1,0.000,0.000
2,1,2,0.000,-0.025
2,1,3,0.000,0.000
2,2,0,0.000,0.000
2,2,1,0.000,-0.025
2,2,2,0.000,0.000
2,2,3,0.000,-0.025
2,3,0,0.000,0.000
2,3,1,0.000,0.000
2,3,2,0.000,-0.025
2,3,3,0.000,0.000
3,0,0,0.000,0.000
3,0,1,0.000,-0.025
3,0,2,0.000,0.000
3,0,3,0.000,0.000
3,1,0,0.000,-0.025
3,1,1,0.000,0.000
3,1,2,0.000,-0.025
3,1,3,0.000,0.000
3,2,0,0.000,0.000
3,2,1,0.000,-0.025
3,2,2,0.000,0.000
3,2,3,0.000,-0.025
3,3,0,0.000,0.000
3,3,1,0.000,0.000
3,3,2,0.000,-0.025
3,3,3,0.000,0.000
4,0,0,0.000,0.000
4,0,1,0.000,-0.025
4,0,2,0.000,0.000
4,0,3,0.000,0.000
4,1,0,0.000,-0.025
4,1,1,0.000,0.000
4,1,2,0.000,-0.025
4,1,3,0.000,0.000
4,2,0,0.000,0.000
4,2,1,0.000,-0.025
4,2,2,0.000,0.000
4,2,3,0.000,-0.025
4,3,0,0.000,0.000
4,3,1,0.000,0.000
4,3,2,0.000,-0.025
4,3,3,0.000,0.000
5,0,0,0.000,0.000
5,0,1,0.000,-0.025
5,0,2,0.000,0.000
5,0,3,0.000,0.000
5,1,0,0.000,-0.025
5,1,1,0.000,0.000
5,1,2,0.000,-0.025
5,1,3,0.000,0.000
5,2,0,0.000,0.000
5,2,1,0.000,-0.025
5,2,2,0.000,0.000
5,2,3,0.000,-0.025
5,3,0,0.000,0.000
5,3,1,0.000,0.000
5,3,2,0.000,-0.025
5,3,3,0.000,0.000
6,0,0,0.000,0.000
6,0,1,0.000,-0.025
6,0,2,0.000,0.000
6,0,3,0.000,0.000
6,1,0,0.000,-0.025
6,1,1,0.000,0.000
6,1,2,0.000,-0.025
6,1,3,0.000,0.000
6,2,0,0.000,0.000
6,2,1,0.000,-0.025
6,2,2,0.000,0.000
6,2,3,0.000,-0.025
6,3,0,0.000,0.000
6,3,1,0.000,0.000
6,3,2,0.000,-0.025
6,3,3,0.000,0.000
7,0,0,0.000,0.000
7,0,1,0.000,-0.025
7,0,2,0.000,0.000
7,0,3,0.000,0.000
7,1,0,0.000,-0.025
7,1,1,0.000,0.000
7,1,2,0.000,-0.025
7,1,3,0.000,0.000
7,2,0,0.000,0.000
7,2,1,0.000,-0.025
7,2,2,0.000,0.000
7,2,3,0.000,-0.025
7,3,0,0.000,0.000
7,3,1,0.000,0.000
7,3,2,0.000,-0.025
7,3,3,0.000,0.000
8,0,0,0.000,0.000
8,0,1,0.000,-0.025
8,0,2,0.000,0.000
8,0,3,0.000,0.000
8,1,0,0.000,-0.025
8,1,1,0.000,0.000
8,1,2,0.000,-0.025
8,1,3,0.000,0.000
8,2,0,0.000,0.000
8,2,1,0.000,-0.025
8,2,2,0.000,0.000
8,2,3,0.000,-0.025
8,3,0,0.000,0.000
8,3,1,0.000,0.000
8,3,2,0.000,-0.025
8,3,3,0.000,0.000
9,0,0,0.000,0.000
9,0,1,0.000,-0.025
9,0,2,0.000,0.000
9,0,3,0.000,0.000
9,1,0,0.000,-0.025
9,1,1,0.000,0.000
9,1,2,0.000,-0.025
9,1,3,0.000,0.000
9,2,0,0.000,0.000
9,2,1,0.000,-0.025
9,2,2,0.000,0.000
9,2,3,0.000,-0.025
9,3,0,0.000,0.000
9,3,1,0.000,0.000
9,3,2,0.000,-0.025
9,3,3,0.000,0.000
10,0,0,0.000,0.000
10,0,1,0.000,-0.025
10,0,2,0.000,0.000
10,0,3,0.000,0.000
10,1,0,0.000,-0.025
10,1,1,0.000,0.000
10,1,2,0.000,-0.025
10,1,3,0.000,0.000
10,2,0,0.000,0.000
10,2,1,0.000,-0.025
10,2,2,0.000,0.000
10,2,3,0.000,-0.025
10,3,0,0.000,0.000
10,3,1,0.000,0.000
10,3,2,0.000,-0.025
10,3,3,0.000,0.000
11,0,0,0.001,0.000
11,0,1,0.001,-0.025
11,0,2,0.001,0.000
11,0,3,0.001,0.000
11,1,0,0.001,-0.025
11,1,1,0.001,0.000
11,1,2,0.001,-0.025
11,1,3,0.001,0.000
11,2,0,0.001,0.000
11,2,1,0.001,-0.025
11,2,2,0.001,0.000
11,2,3,0.001,-0.025
11,3,0,0.001,0.000
11,3,1,0.001,0.000
11,3,2,0.001,-0.025
11,3,3,0.001,0.000
12,0,0,0.001,0.000
12,0,1,0.001,-0.025
12,0,2,0.001,0.000
12,0,3,0.001,0.000
12,1,0,0.001,-0.025
12,1,1,0.001,0.000
12,1,2,0.001,-0.025
12,1,3,0.001,0.000
12,2,0,0.001,0.000
12,2,1,0.001,-0.025
12,2,2,0.001,0.000
12,2,3,0.001,-0.025
12,3,0,0.001,0.000
12,3,1,0.001,0.000
12,3,2,0.001,-0.025
12,3,3,0.001,0.000
13,0,0,0.001,0.000
13,0,1,0.001,-0.025
13,0,2,0.001,0.000
13,0,3,0.001,0.000
13,1,0,0.001,-0.025
13,1,1,0.001,0.000
13,1,2,0.001,-0.025
13,1,3,0.001,0.000
13,2,0,0.001,0.000
13,2,1,0.001,-0.025
13,2,2,0.001,0.000
13,2,3,0.001,-0.025
13,3,0,0.001,0.000
13,3,1,0.001,0.000
13,3,2,0.001,-0.025
13,3,3,0.001,0.000
14,0,0,0.001,0.000
14,0,1,0.001,-0.025
14,0,2,0.001,0.000
14,0,3,0.001,0.000
14,1,0,0.001,-0.025
14,1,1,0.001,0.000
14,1,2,0.001,-0.025
14,1,3,0.001,0.000
14,2,0,0.001,0.000
14,2,1,0.001,-0.025
14,2,2,0.001,0.000
14,2,3,0.001,-0.025
14,3,0,0.001,0.000
14,3,1,0.001,0.000
14,3,2,0.001,-0.025
14,3,3,0.001,0.000
15,0,0,0.001,0.000
15,0,1,0.001,-0.025
15,0,2,0.001,0.000
15,0,3,0.001,0.000
15,1,0,0.001,-0.025
15,1,1,0.001,0.000
15,1,2,0.001,-0.025
15,1,3,0.001,0.000
15,2,0,0.001,0.000
15,2,1,0.001,-0.025
15,2,2,0.001,0.000
15,2,3,0.001,-0.025
15,3,0,0.001,0.000
15,3,1,0.001,0.000
15,3,2,0.001,-0.025
15,3,3,0.001,0.000
16,0,0,0.001,0.000
16,0,1,0.001,-0.025
16,0,2,0.001,0.000
16,0,3,0.001,0.000
16,1,0,0.001,-0.025
16,1,1,0.001,0.000
16,1,2,0.001,-0.025
16,1,3,0.001,0.000
16,2,0,0.001,0.000
16,2,1,0.001,-0.025
16,2,2,0.001,0.000
16,2,3,0.001,-0.025
16,3,0,0.001,0.000
16,3,1,0.001,0.000
16,3,2,0.001,-0.025
16,3,3,0.001,0.000
17,0,0,0.001,0.000
17,0,1,0.001,-0.025
17,0,2,0.001,0.000
17,0,3,0.001,0.000
17,1,0,0.001,-0.025
17,1,1,0.001,0.000
17,1,2,0.001,-0.025
17,1,3,0.001,0.000
17,2,0,0.001,0.000
17,2,1,0.001,-0.025
17,2,2,0.001,0.000
17,2,3,0.001,-0.025
17,3,0,0.001,0.000
17,3,1,0.001,0.000
17,3,2,0.001,-0.025
17,3,3,0.001,0.000
18,0,0,0.001,0.000
18,0,1,0.001,-0.025
18,0,2,0.001,0.000
18,0,3,0.001,0.000
18,1,0,0.001,-0.025
18,1,1,0.001,0.000
18,1,2,0.001,-0.025
18,1,3,0.001,0.000
18,2,0,0.001,0.000
18,2,1,0.001,-0.025
18,2,2,0.001,0.000
18,2,3,0.001,-0.025
18,3,0,0.001,0.000
18,3,1,0.001,0.000
18,3,2,0.001,-0.025
18,3,3,0.001,0.000
19,0,0,0.001,0.000
19,0,1,0.001,-0.025
19,0,2,0.001,0.000
19,0,3,0.001,0.000
19,1,0,0.001,-0.025
19,1,1,0.001,0.000
19,1,2,0.001,-0.025
19,1,3,0.001,0.000
19,2,0,0.001,0.000
19,2,1,0.001,-0.025
19,2,2,0.001,0.000
19,2,3,0.001,-0.025
19,3,0,0.001,0.000
19,3,1,0.001,0.000
19,3,2,0.001,-0.025
19,3,3,0.001,0.000
20,0,0,0.001,0.000
20,0,1,0.001,-0.025
20,0,2,0.001,0.000
20,0,3,0.001,0.000
20,1,0,0.001,-0.025
20,1,1,0.001,0.000
20,1,2,0.001,-0.025
20,1,3,0.001,0.000
20,2,0,0.001,0.000
20,2,1,0.001,-0.025
20,2,2,0.001,0.000
20,2,3,0.001,-0.025
20,3,0,0.001,0.000
20,3,1,0.001,0.000
20,3,2,0.001,-0.025
20,3,3,0.001,0.000
21,0,0,0.001,0.000
21,0,1,0.001,-0.025
21,0,2,0.001,0.000
21,0,3,0.001,0.000
21,1,0,0.001,-0.025
21,1,1,0.001,0.000
21,1,2,0.001,-0.025
21,1,3,0.001,0.000
21,2,0,0.001,0.000
21,2,1,0.001,-0.025
21,2,2,0.001,0.000
21,2,3,0.001,-0.025
21,3,0,0.001,0.000
21,3,1,0.001,0.000
21,3,2,0.001,-0.025
21,3,3,0.001,0.000
22,0,0,0.001,0.000
22,0,1,0.001,-0.025
22,0,2,0.001,0.000
22,0,3,0.001,0.000
22,1,0,0.001,-0.025
22,1,1,0.001,0.000
22,1,2,0.001,-0.025
22,1,3,0.001,0.000
22,2,0,0.001,0.000
22,2,1,0.001,-0.025
22,2,2,0.001,0.000
22,2,3,0.001,-0.025
22,3,0,0.001,0.000
22,3,1,0.001,0.000
22,3,2,0.001,-0.025
22,3,3,0.001,0.000
23,0,0,0.001,0.000
23,0,1,0.001,-0.025
23,0,2,0.001,0.000
23,0,3,0.001,0.000
23,1,0,0.001,-0.025
23,1,1,0.001,0.000
23,1,2,0.001,-0.025
23,1,3,0.001,0.000
23,2,0,0.001,0.000
23,2,1,0.001,-0.025
23,2,2,0.001,0.000
23,2,3,0.001,-0.025
23,3,0,0.001,0.000
23,3,1,0.001,0.000
23,3,2,0.001,-0.025
23,3,3,0.001,0.000
24,0,0,0.001,0.000
24,0,1,0.001,-0.025
24,0,2,0.001,0.000
24,0,3,0.001,0.000
24,1,0,0.001,-0.025
24,1,1,0.001,0.000
24,1,2,0.001,-0.025
24,1,3,0.001,0.000
24,2,0,0.001,0.000
24,2,1,0.001,-0.025
24,2,2,0.001,0.000
24,2,3,0.001,-0.025
24,3,0,0.001,0.000
24,3,1,0.001,0.000
24,3,2,0.001,-0.025
24,3,3,0.001,0.000
25,0,0,0.001,0.000
25,0,1,0.001,-0.025
25,0,2,0.001,0.000
25,0,3,0.001,0.000
25,1,0,0.001,-0.025
25,1,1,0.001,0.000
25,1,2,0.001,-0.025
25,1,3,0.001,0.000
25,2,0,0.001,0.000
25,2,1,0.001,-0.025
25,2,2,0.001,0.000
25,2,3,0.001,-0.025
25,3,0,0.001,0.000
25,3,1,0.001,0.000
25,3,2,0.001,-0.025
25,3,3,0.001,0.000
26,0,0,0.002,0.000
26,0,1,0.002,-0.025
26,0,2,0.002,0.000
26,0,3,0.002,0.000
26,1,0,0.002,-0.025
26,1,1,0.002,0.000
26,1,2,0.002,-0.025
26,1,3,0.002,0.000
26,2,0,0.002,0.000
26,2,1,0.002,-0.025
26,2,2,0.002,0.000
26,2,3,0.002,-0.025
26,3,0,0.002,0.000
26,3,1,0.002,0.000
26,3,2,0.002,-0.025
26,3,3,0.002,0.000
27,0,0,0.002,0.000
27,0,1,0.002,-0.025
27,0,2,0.002,0.000
27,0,3,0.002,0.000
27,1,0,0.002,-0.025
27,1,1,0.002,0.000
27,1,2,0.002,-0.025
27,1,3,0.002,0.000
27,2,0,0.002,0.000
27,2,1,0.002,-0.025
27,2,2,0.002,0.000
27,2,3,0.002,-0.025
27,3,0,0.002,0.000
27,3,1,0.002,0.000
27,3,2,0.002,-0.025
27,3,3,0.002,0.000
28,0,0,0.002,0.000
28,0,1,0.002,-0.025
28,0,2,0.002,0.000
28,0,3,0.002,0.000
28,1,0,0.002,-0.025
28,1,1,0.002,0.000
28,1,2,0.002,-0.025
28,1,3,0.002,0.000
28,2,0,0.002,0.000
28,2,1,0.002,-0.025
28,2,2,0.002,0.000
28,2,3,0.002,-0.025
28,3,0,0.002,0.000
28,3,1,0.002,0.000
28,3,2,0.002,-0.025
28,3,3,0.002,0.000
29,0,0,0.002,0.000
29,0,1,0.002,-0.025
29,0,2,0.002,0.000
29,0,3,0.002,0.000
29,1,0,0.002,-0.025
29,1,1,0.002,0.000
29,1,2,0.002,-0.025
29,1,3,0.002,0.000
29,2,0,0.002,0.000
29,2,1,0.002,-0.025
29,2,2,0.002,0.000
29,2,3,0.002,-0.025
29,3,0,0.002,0.000
29,3,1,0.002,0.000
29,3,2,0.002,-0.025
29,3,3,0.002,0.000
30,0,0,0.002,0.000
30,0,1,0.002,-0.025
30,0,2,0.002,0.000
30,0,3,0.002,0.000
30,1,0,0.002,-0.025
30,1,1,0.002,0.000
30,1,2,0.002,-0.025
30,1,3,0.002,0.000
30,2,0,0.002,0.000
30,2,1,0.002,-0.025
30,2,2,0.002,0.000
30,2,3,0.002,-0.025
30,3,0,0.002,0.000
30,3,1,0.002,0.000
30,3,2,0.002,-0.025
30,3,3,0.002,0.000
31,0,0,0.002,0.000
31,0,1,0.002,-0.025
31,0,2,0.002,0.000
31,0,3,0.002,0.000
31,1,0,0.002,-0.025
31,1,1,0.002,0.000
31,1,2,0.002,-0.025
31,1,3,0.002,0.000
31,2,0,0.002,0.000
31,2,1,0.002,-0.025
31,2,2,0.002,0.000
31,2,3,0.002,-0.025
31,3,0,0.002,0.000
31,3,1,0.002,0.000
31,3,2,0.002,-0.025
31,3,3,0.002,0.000
32,0,0,0.002,0.000
32,0,1,0.002,-0.025
32,0,2,0.002,0.000
32,0,3,0.002,0.000
32,1,0,0.002,-0.025
32,1,1,0.002,0.000
32,1,2,0.002,-0.025
32,1,3,0.002,0.000
32,2,0,0.002,0.000
32,2,1,0.002,-0.025
32,2,2,0.002,0.000
32,2,3,0.002,-0.025
32,3,0,0.002,0.000
32,3,1,0.002,0.000
32,3,2,0.002,-0.025
32,3,3,0.002,0.000
33,0,0,0.002,0.000
33,0,1,0.002,-0.025
33,0,2,0.002,0.000
33,0,3,0.002,0.000
33,1,0,0.002,-0.025
33,1,1,0.002,0.000
33,1,2,0.002,-0.025
33,1,3,0.002,0.000
33,2,0,0.002,0.000
33,2,1,0.002,-0.025
33,2,2,0.002,0.000
33,2,3,0.002,-0.025
33,3,0,0.002,0.000
33,3,1,0.002,0.000
33,3,2,0.002,-0.025
33,3,3,0.002,0.000
34,0,0,0.002,0.000
34,0,1,0.002,-0.025
34,0,2,0.002,0.000
34,0,3,0.002,0.000
34,1,0,0.002,-0.025
34,1,1,0.002,0.000
34,1,2,0.002,-0.025
34,1,3,0.002,0.000
34,2,0,0.002,0.000
34,2,1,0.002,-0.025
34,2,2,0.002,0.000
34,2,3,0.002,-0.025
34,3,0,0.002,0.000
34,3,1,0.002,0.000
34,3,2,0.002,-0.025
34,3,3,0.002,0.000
35,0,0,0.003,0.000
35,0,1,0.003,-0.025
35,0,2,0.003,0.000
35,0,3,0.003,0.000
35,1,0,0.003,-0.025
35,1,1,0.003,0.000
35,1,2,0.003,-0.025
35,1,3,0.003,0.000
35,2,0,0.003,0.000
35,2,1,0.003,-0.025
35,2,2,0.003,0.000
35,2,3,0.003,-0.025
35,3,0,0.003,0.000
35,3,1,0.003,0.000
35,3,2,0.003,-0.025
35,3,3,0.003,0.000
36,0,0,0.003,0.000
36,0,1,0.003,-0.025
36,0,2,0.003,0.000
36,0,3,0.003,0.000
36,1,0,0.003,-0.025
36,1,1,0.003,0.000
36,1,2,0.003,-0.025
36,1,3,0.003,0.000
36,2,0,0.003,0.000
36,2,1,0.003,-0.025
36,2,2,0.003,0.000
36,2,3,0.003,-0.025
36,3,0,0.003,0.000
36,3,1,0.003,0.000
36,3,2,0.003,-0.025
36,3,3,0.003,0.000
37,0,0,0.003,0.000
37,0,1,0.003,-0.025
37,0,2,0.003,0.000
37,0,3,0.003,0.000
37,1,0,0.003,-0.025
37,1,1,0.003,0.000
37,1,2,0.003,-0.025
37,1,3,0.003,0.000
37,2,0,0.003,0.000
37,2,1,0.003,-0.025
37,2,2,0.003,0.000
37,2,3,0.003,-0.025
37,3,0,0.003,0.000
37,3,1,0.003,0.000
37,3,2,0.003,-0.025
37,3,3,0.003,0.000
38,0,0,0.003,0.000
38,0,1,0.003,-0.025
38,0,2,0.003,0.000
38,0,3,0.003,0.000
38,1,0,0.003,-0.025
38,1,1,0.003,0.000
38,1,2,0.003,-0.025
38,1,3,0.003,0.000
38,2,0,0.003,0.000
38,2,1,0.003,-0.025
38,2,2,0.003,0.000
38,2,3,0.003,-0.025
38,3,0,0.003,0.000
38,3,1,0.003,0.000
38,3,2,0.003,-0.025
38,3,3,0.003,0.000
39,0,0,0.003,0.000
39,0,1,0.003,-0.025
39,0,2,0.003,0.000
39,0,3,0.003,0.000
39,1,0,0.003,-0.025
39,1,1,0.003,0.000
39,1,2,0.003,-0.025
39,1,3,0.003,0.000
39,2,0,0.003,0.000
39,2,1,0.003,-0.025
39,2,2,0.003,0.000
39,2,3,0.003,-0.025
39,3,0,0.003,0.000
39,3,1,0.003,0.000
39,3,2,0.003,-0.025
39,3,3,0.003,0.000
40,0,0,0.003,0.000
40,0,1,0.003,-0.025
40,0,2,0.003,0.000
40,0,3,0.003,0.000
40,1,0,0.003,-0.025
40,1,1,0.003,0.000
40,1,2,0.003,-0.025
40,1,3,0.003,0.000
40,2,0,0.003,0.000
40,2,1,0.003,-0.025
40,2,2,0.003,0.000
40,2,3,0.003,-0.025
40,3,0,0.003,0.000
40,3,1,0.003,0.000
40,3,2,0.003,-0.025
40,3,3,0.003,0.000
41,0,0,0.004,0.000
41,0,1,0.004,-0.025
41,0,2,0.004,0.000
41,0,3,0.004,0.000
41,1,0,0.004,-0.025
41,1,1,0.004,0.000
41,1,2,0.004,-0.025
41,1,3,0.004,0.000
41,2,0,0.004,0.000
41,2,1,0.004,-0.025
41,2,2,0.004,0.000
41,2,3,0.004,-0.025
41,3,0,0.004,0.000
41,3,1,0.004,0.000
41,3,2,0.004,-0.025
41,3,3,0.004,0.000
42,0,0,0.004,0.000
42,0,1,0.004,-0.025
42,0,2,0.004,0.000
42,0,3,0.004,0.000
42,1,0,0.004,-0.025
42,1,1,0.004,0.000
42,1,2,0.004,-0.025
42,1,3,0.004,0.000
42,2,0,0.004,0.000
42,2,1,0.004,-0.025
42,2,2,0.004,0.000
42,2,3,0.004,-0.025
42,3,0,0.004,0.000
42,3,1,0.004,0.000
42,3,2,0.004,-0.025
42,3,3,0.004,0.000
43,0,0,0.004,0.000
43,0,1,0.004,-0.025
43,0,2,0.004,0.000
43,0,3,0.004,0.000
43,1,0,0.004,-0.025
43,1,1,0.004,0.000
43,1,2,0.004,-0.025
43,1,3,0.004,0.000
43,2,0,0.004,0.000
43,2,1,0.004,-0.025
43,2,2,0.004,0.000
43,2,3,0.004,-0.025
43,3,0,0.004,0.000
43,3,1,0.004,0.000
43,3,2,0.004,-0.025
43,3,3,0.004,0.000
44,0,0,0.004,0.000
44,0,1,0.004,-0.025
44,0,2,0.004,0.000
44,0,3,0.004,0.000
44,1,0,0.004,-0.025
44,1,1,0.004,0.000
44,1,2,0.004,-0.025
44,1,3,0.004,0.000
44,2,0,0.004,0.000
44,2,1,0.004,-0.025
44,2,2,0.004,0.000
44,2,3,0.004,-0.025
44,3,0,0.004,0.000
44,3,1,0.004,0.000
44,3,2,0.004,-0.025
44,3,3,0.004,0.000
45,0,0,0.005,0.000
45,0,1,0.005,-0.025
45,0,2,0.005,0.000
45,0,3,0.005,0.000
45,1,0,0.005,-0.025
45,1,1,0.005,0.000
45,1,2,0.005,-0.025
45,1,3,0.005,0.000
45,2,0,0.005,0.000
45,2,1,0.005,-0.025
45,2,2,0.005,0.000
45,2,3,0.005,-0.025
45,3,0,0.005,0.000
45,3,1,0.005,0.000
45,3,2,0.005,-0.025
45,3,3,0.005,0.000
46,0,0,0.005,0.000
46,0,1,0.005,-0.025
46,0,2,0.005,0.000
46,0,3,0.005,0.000
46,1,0,0.005,-0.025
46,1,1,0.005,0.000
46,1,2,0.005,-0.025
46,1,3,0.005,0.000
46,2,0,0.005,0.000
46,2,1,0.005,-0.025
46,2,2,0.005,0.000
46,2,3,0.005,-0.025
46,3,0,0.005,0.000
46,3,1,0.005,0.000
46,3,2,0.005,-0.025
46,3,3,0.005,0.000
47,0,0,0.005,0.000
47,0,1,0.005,-0.025
47,0,2,0.005,0.000
47,0,3,0.005,0.000
47,1,0,0.005,-0.025
47,1,1,0.005,0.000
47,1,2,0.005,-0.025
47,1,3,0.005,0.000
47,2,0,0.005,0.000
47,2,1,0.005,-0.025
47,2,2,0.005,0.000
47,2,3,0.005,-0.025
47,3,0,0.005,0.000
47,3,1,0.005,0.000
47,3,2,0.005,-0.025
47,3,3,0.005,0.000
48,0,0,0.006,0.000
48,0,1,0.006,-0.025
48,0,2,0.006,0.000
48,0,3,0.006,0.000
48,1,0,0.006,-0.025
48,1,1,0.006,0.000
48,1,2,0.006,-0.025
48,1,3,0.006,0.000
48,2,0,0.006,0.000
48,2,1,0.006,-0.025
48,2,2,0.006,0.000
48,2,3,0.006,-0.025
48,3,0,0.006,0.000
48,3,1,0.006,0.000
48,3,2,0.006,-0.025
48,3,3,0.006,0.000
49,0,0,0.006,0.000
49,0,1,0.006,-0.025
49,0,2,0.006,0.000
49,0,3,0.006,0.000
49,1,0,0.006,-0.025
49,1,1,0.006,0.000
49,1,2,0.006,-0.025
49,1,3,0.006,0.000
49,2,0,0.006,0.000
49,2,1,0.006,-0.025
49,2,2,0.006,0.000
49,2,3,0.006,-0.025
49,3,0,0.006,0.000
49,3,1,0.006,0.000
49,3,2,0.006,-0.025
49,3,3,0.006,0.000
50,0,0,0.007,0.000
50,0,1,0.007,-0.025
50,0,2,0.007,0.000
50,0,3,0.007,0.000
50,1,0,0.007,-0.025
50,1,1,0.007,0.000
50,1,2,0.007,-0.025
50,1,3,0.007,0.000
50,2,0,0.007,0.000
50,2,1,0.007,-0.025
50,2,2,0.007,0.000
50,2,3,0.007,-0.025
50,3,0,0.007,0.000
50,3,1,0.007,0.000
50,3,2,0.007,-0.025
50,3,3,0.007,0.000
51,0,0,0.008,0.000
51,0,1,0.008,-0.025
51,0,2,0.008,0.000
51,0,3,0.008,0.000
51,1,0,0.008,-0.025
51,1,1,0.008,0.000
51,1,2,0.008,-0.025
51,1,3,0.008,0.000
51,2,0,0.008,0.000
51,2,1,0.008,-0.025
51,2,2,0.008,0.000
51,2,3,0.008,-0.025
51,3,0,0.008,0.000
51,3,1,0.008,0.000
51,3,2,0.008,-0.025
51,3,3,0.008,0.000
52,0,0,0.009,0.000
52,0,1,0.009,-0.025
52,0,2,0.009,0.000
52,0,3,0.009,0.000
52,1,0,0.009,-0.025
52,1,1,0.009,0.000
52,1,2,0.009,-0.025
52,1,3,0.009,0.000
52,2,0,0.009,0.000
52,2,1,0.009,-0.025
52,2,2,0.009,0.000
52,2,3,0.009,-0.025
52,3,0,0.009,0.000
52,3,1,0.009,0.000
52,3,2,0.009,-0.025
52,3,3,0.009,0.000
53,0,0,0.009,0.000
53,0,1,0.009,-0.025
53,0,2,0.009,0.000
53,0,3,0.009,0.000
53,1,0,0.009,-0.025
53,1,1,0.009,0.000
53,1,2,0.009,-0.025
53,1,3,0.009,0.000
53,2,0,0.009,0.000
53,2,1,0.009,-0.025
53,2,2,0.009,0.000
53,2,3,0.009,-0.025
53,3,0,0.009,0.000
53,3,1,0.009,0.000
53,3,2,0.009,-0.025
53,3,3,0.009,0.000
54,0,0,0.010,0.000
54,0,1,0.010,-0.025
54,0,2,0.010,0.000
54,0,3,0.010,0.000
54,1,0,0.010,-0.025
54,1,1,0.010,0.000
54,1,2,0.010,-0.025
54,1,3,0.010,0.000
54,2,0,0.010,0.000
54,2,1,0.010,-0.025
54,2,2,0.010,0.000
54,2,3,0.010,-0.025
54,3,0,0.010,0.000
54,3,1,0.010,0.000
54,3,2,0.010,-0.025
54,3,3,0.010,0.000
55,0,0,0.011,0.000
55,0,1,0.011,-0.025
55,0,2,0.011,0.000
55,0,3,0.011,0.000
55,1,0,0.011,-0.025
55,1,1,0.011,0.000
55,1,2,0.011,-0.025
55,1,3,0.011,0.000
55,2,0,0.011,0.000
55,2,1,0.011,-0.025
55,2,2,0.011,0.000
55,2,3,0.011,-0.025
55,3,0,0.011,0.000
55,3,1,0.011,0.000
55,3,2,0.011,-0.025
55,3,3,0.011,0.000
56,0,0,0.012,0.000
56,0,1,0.012,-0.025
56,0,2,0.012,0.000
56,0,3,0.012,0.000
56,1,0,0.012,-0.025
56,1,1,0.012,0.000
56,1,2,0.012,-0.025
56,1,3,0.012,0.000
56,2,0,0.012,0.000
56,2,1,0.012,-0.025
56,2,2,0.012,0.000
56,2,3,0.012,-0.025
56,3,0,0.012,0.000
56,3,1,0.012,0.000
56,3,2,0.012,-0.025
56,3,3,0.012,0.000
57,0,0,0.012,0.000
57,0,1,0.012,-0.025
57,0,2,0.012,0.000
57,0,3,0.012,0.000
57,1,0,0.012,-0.025
57,1,1,0.012,0.000
57,1,2,0.012,-0.025
57,1,3,0.012,0.000
57,2,0,0.012,0.000
57,2,1,0.012,-0.025
57,2,2,0.012,0.000
57,2,3,0.012,-0.025
57,3,0,0.012,0.000
57,3,1,0.012,0.000
57,3,2,0.012,-0.025
57,3,3,0.012,0.000
58,0,0,0.013,0.000
58,0,1,0.013,-0.025
58,0,2,0.013,0.000
58,0,3,0.013,0.000
58,1,0,0.013,-0.025
58,1,1,0.013,0.000
58,1,2,0.013,-0.025
58,1,3,0.013,0.000
58,2,0,0.013,0.000
58,2,1,0.013,-0.025
58,2,2,0.013,0.000
58,2,3,0.013,-0.025
58,3,0,0.013,0.000
58,3,1,0.013,0.000
58,3,2,0.013,-0.025
58,3,3,0.013,0.000
59,0,0,0.014,0.000
59,0,1,0.014,-0.025
59,0,2,0.014,0.000
59,0,3,0.014,0.000
59,1,0,0.014,-0.025
59,1,1,0.014,0.000
59,1,2,0.014,-0.025
59,1,3,0.014,0.000
59,2,0,0.014,0.000
59,2,1,0.014,-0.025
59,2,2,0.014,0.000
59,2,3,0.014,-0.025
59,3,0,0.014,0.000
59,3,1,0.014,0.000
59,3,2,0.014,-0.025
59,3,3,0.014,0.000
60,0,0,0.015,0.000
60,0,1,0.015,-0.025
60,0,2,0.015,0.000
60,0,3,0.015,0.000
60,1,0,0.015,-0.025
60,1,1,0.015,0.000
60,1,2,0.015,-0.025
60,1,3,0.015,0.000
60,2,0,0.015,0.000
60,2,1,0.015,-0.025
60,2,2,0.015,0.000
60,2,3,0.015,-0.025
60,3,0,0.015,0.000
60,3,1,0.015,0.000
60,3,2,0.015,-0.025
60,3,3,0.015,0.000
61,0,0,0.016,0.000
61,0,1,0.016,-0.025
61,0,2,0.016,0.000
61,0,3,0.016,0.000
61,1,0,0.016,-0.025
61,1,1,0.016,0.000
61,1,2,0.016,-0.025
61,1,3,0.016,0.000
61,2,0,0.016,0.000
61,2,1,0.016,-0.025
61,2,2,0.016,0.000
61,2,3,0.016,-0.025
61,3,0,0.016,0.000
61,3,1,0.016,0.000
61,3,2,0.016,-0.025
61,3,3,0.016,0.000
62,0,0,0.016,0.000
62,0,1,0.016,-0.025
62,0,2,0.016,0.000
62,0,3,0.016,0.000
62,1,0,0.016,-0.025
62,1,1,0.016,0.000
62,1,2,0.016,-0.025
62,1,3,0.016,0.000
62,2,0,0.016,0.000
62,2,1,0.016,-0.025
62,2,2,0.016,0.000
62,2,3,0.016,-0.025
62,3,0,0.016,0.000
62,3,1,0.016,0.000
62,3,2,0.016,-0.025
62,3,3,0.016,0.000
63,0,0,0.017,0.000
63,0,1,0.017,-0.025
63,0,2,0.017,0.000
63,0,3,0.017,0.000
63,1,0,0.017,-0.025
63,1,1,0.017,0.000
63,1,2,0.017,-0.025
63,1,3,0.017,-0.000
63,2,0,0.017,0.000
63,2,1,0.017,-0.025
63,2,2,0.017,0.000
63,2,3,0.017,-0.025
63,3,0,0.017,0.000
63,3,1,0.017,-0.000
63,3,2,0.017,-0.025
63,3,3,0.017,0.000
64,0,0,0.018,0.000
64,0,1,0.018,-0.025
64,0,2,0.018,0.000
64,0,3,0.018,0.000
64,1,0,0.018,-0.025
64,1,1,0.018,0.000
64,1,2,0.018,-0.025
64,1,3,0.018,-0.000
64,2,0,0.018,0.000
64,2,1,0.018,-0.025
64,2,2,0.018,0.000
64,2,3,0.018,-0.025
64,3,0,0.018,0.000
64,3,1,0.018,-0.000
64,3,2,0.018,-0.025
64,3,3,0.018,0.000
65,0,0,0.019,0.000
65,0,1,0.019,-0.025
65,0,2,0.019,0.000
65,0,3,0.019,0.000
65,1,0,0.019,-0.025
65,1,1,0.019,0.000
65,1,2,0.019,-0.025
65,1,3,0.019,-0.000
65,2,0,0.019,0.000
65,2,1,0.019,-0.025
65,2,2,0.019,0.000
65,2,3,0.019,-0.025
65,3,0,0.019,0.000
65,3,1,0.019,-0.000
65,3,2,0.019,-0.025
65,3,3,0.019,0.000
66,0,0,0.020,0.000
66,0,1,0.020,-0.025
66,0,2,0.020,0.000
66,0,3,0.020,0.000
66,1,0,0.020,-0.025
66,1,1,0.020,0.000
66,1,2,0.020,-0.025
66,1,3,0.020,-0.000
66,2,0,0.020,0.000
66,2,1,0.020,-0.025
66,2,2,0.020,0.000
66,2,3,0.020,-0.025
66,3,0,0.020,0.000
66,3,1,0.020,-0.000
66,3,2,0.020,-0.025
66,3,3,0.020,0.000
67,0,0,0.021,0.000
67,0,1,0.021,-0.025
67,0,2,0.021,0.000
67,0,3,0.021,0.000
67,1,0,0.021,-0.025
67,1,1,0.021,0.000
67,1,2,0.021,-0.025
67,1,3,0.021,-0.000
67,2,0,0.021,0.000
67,2,1,0.021,-0.025
67,2,2,0.021,0.000
67,2,3,0.021,-0.025
67,3,0,0.021,0.000
67,3,1,0.021,-0.000
67,3,2,0.021,-0.025
67,3,3,0.021,0.000
68,0,0,0.022,0.000
68,0,1,0.022,-0.025
68,0,2,0.022,0.000
68,0,3,0.022,0.000
68,1,0,0.022,-0.025
68,1,1,0.022,0.000
68,1,2,0.022,-0.025
68,1,3,0.022,-0.000
68,2,0,0.022,0.000
68,2,1,0.022,-0.025
68,2,2,0.022,0.000
68,2,3,0.022,-0.025
68,3,0,0.022,0.000
68,3,1,0.022,-0.000
68,3,2,0.022,-0.025
68,3,3,0.022,0.000
69,0,0,0.023,0.000
69,0,1,0.023,-0.025
69,0,2,0.023,0.000
69,0,3,0.023,0.000
69,1,0,0.023,-0.025
69,1,1,0.023,0.000
69,1,2,0.023,-0.025
69,1,3,0.023,-0.000
69,2,0,0.023,0.000
69,2,1,0.023,-0.025
69,2,2,0.023,0.000
69,2,3,0.023,-0.025
69,3,0,0.023,0.000
69,3,1,0.023,-0.000
69,3,2,0.023,-0.025
69,3,3,0.023,0.000
70,0,0,0.024,0.000
70,0,1,0.024,-0.025
70,0,2,0.024,0.000
70,0,3,0.024,0.000
70,1,0,0.024,-0.025
70,1,1,0.024,0.000
70,1,2,0.024,-0.025
70,1,3,0.024,-0.000
70,2,0,0.024,0.000
70,2,1,0.024,-0.025
70,2,2,0.024,0.000
70,2,3,0.024,-0.025
70,3,0,0.024,0.000
70,3,1,0.024,-0.000
70,3,2,0.024,-0.025
70,3,3,0.024,0.000
71,0,0,0.025,0.000
71,0,1,0.025,-0.025
71,0,2,0.025,0.000
71,0,3,0.025,0.000
71,1,0,0.025,-0.025
71,1,1,0.025,0.000
71,1,2,0.025,-0.025
71,1,3,0.025,-0.000
71,2,0,0.025,0.000
71,2,1,0.025,-0.025
71,2,2,0.025,0.000
71,2,3,0.025,-0.025
71,3,0,0.025,0.000
71,3,1,0.025,-0.000
71,3,2,0.025,-0.025
71,3,3,0.025,0.000
72,0,0,0.026,0.000
72,0,1,0.026,-0.025
72,0,2,0.026,0.000
72,0,3,0.026,0.000
72,1,0,0.026,-0.025
72,1,1,0.026,0.000
72,1,2,0.026,-0.025
72,1,3,0.026,-0.000
72,2,0,0.026,0.000
72,2,1,0.026,-0.025
72,2,2,0.026,0.000
72,2,3,0.026,-0.025
72,3,0,0.026,0.000
72,3,1,0.026,-0.000
72,3,2,0.026,-0.025
72,3,3,0.026,0.000
73,0,0,0.027,0.000
73,0,1,0.027,-0.025
73,0,2,0.027,0.000
73,0,3,0.027,0.000
73,1,0,0.027,-0.025
73,1,1,0.027,0.000
73,1,2,0.027,-0.025
73,1,3,0.027,-0.000
73,2,0,0.027,0.000
73,2,1,0.027,-0.025
73,2,2,0.027,0.000
73,2,3,0.027,-0.025
73,3,0,0.027,0.000
73,3,1,0.027,-0.000
73,3,2,0.027,-0.025
73,3,3,0.027,0.000
74,0,0,0.028,0.000
74,0,1,0.028,-0.025
74,0,2,0.028,0.000
74,0,3,0.028,0.000
74,1,0,0.028,-0.025
74,1,1,0.028,0.000
74,1,2,0.028,-0.025
74,1,3,0.028,-0.000
74,2,0,0.028,0.000
74,2,1,0.028,-0.025
74,2,2,0.028,0.000
74,2,3,0.028,-0.025
74,3,0,0.028,0.000
74,3,1,0.028,-0.000
74,3,2,0.028,-0.025
74,3,3,0.028,0.000
75,0,0,0.029,0.000
75,0,1,0.029,-0.025
75,0,2,0.029,0.000
75,0,3,0.029,0.000
75,1,0,0.029,-0.025
75,1,1,0.029,0.000
75,1,2,0.029,-0.025
75,1,3,0.029,-0.000
75,2,0,0.029,0.000
75,2,1,0.029,-0.025
75,2,2,0.029,0.000
75,2,3,0.029,-0.025
75,3,0,0.029,0.000
75,3,1,0.029,-0.000
75,3,2,0.029,-0.025
75,3,3,0.029,0.000
76,0,0,0.030,0.000
76,0,1,0.030,-0.025
76,0,2,0.030,0.000
76,0,3,0.030,0.000
76,1,0,0.030,-0.025
76,1,1,0.030,0.000
76,1,2,0.030,-0.025
76,1,3,0.030,-0.000
76,2,0,0.030,0.000
76,2,1,0.030,-0.025
76,2,2,0.030,0.000
76,2,3,0.030,-0.025
76,3,0,0.030,0.000
76,3,1,0.030,-0.000
76,3,2,0.030,-0.025
76,3,3,0.030,0.000
77,0,0,0.031,0.000
77,0,1,0.031,-0.025
77,0,2,0.031,0.000
77,0,3,0.031,0.000
77,1,0,0.031,-0.025
77,1,1,0.031,0.000
77,1,2,0.031,-0.025
77,1,3,0.031,-0.000
77,2,0,0.031,0.000
77,2,1,0.031,-0.025
77,2,2,0.031,0.000
77,2,3,0.031,-0.025
77,3,0,0.031,0.000
77,3,1,0.031,-0.000
77,3,2,0.031,-0.025
77,3,3,0.031,0.000
78,0,0,0.032,0.000
78,0,1,0.032,-0.025
78,0,2,0.032,0.000
78,0,3,0.032,0.000
78,1,0,0.032,-0.025
78,1,1,0.032,0.000
78,1,2,0.032,-0.025
78,1,3,0.032,-0.000
78,2,0,0.032,0.000
78,2,1,0.032,-0.025
78,2,2,0.032,0.000
78,2,3,0.032,-0.025
78,3,0,0.032,0.000
78,3,1,0.032,-0.000
78,3,2,0.032,-0.025
78,3,3,0.032,0.000
79,0,0,0.034,0.000
79,0,1,0.034,-0.025
79,0,2,0.034,0.000
79,0,3,0.034,0.000
79,1,0,0.034,-0.025
79,1,1,0.034,0.000
79,1,2,0.034,-0.025
79,1,3,0.034,-0.000
79,2,0,0.034,0.000
79,2,1,0.034,-0.025
79,2,2,0.034,0.000
79,2,3,0.034,-0.025
79,3,0,0.034,0.000
79,3,1,0.034,-0.000
79,3,2,0.034,-0.025
79,3,3,0.034,0.000
80,0,0,0.035,0.000
80,0,1,0.035,-0.025
80,0,2,0.035,0.000
80,0,3,0.035,0.000
80,1,0,0.035,-0.025
80,1,1,0.035,0.000
80,1,2,0.035,-0.025
80,1,3,0.035,-0.000
80,2,0,0.035,0.000
80,2,1,0.035,-0.025
80,2,2,0.035,0.000
80,2,3,0.035,-0.025
80,3,0,0.035,0.000
80,3,1,0.035,-0.000
80,3,2,0.035,-0.025
80,3,3,0.035,0.000
81,0,0,0.036,0.000
81,0,1,0.036,-0.025
81,0,2,0.036,0.000
81,0,3,0.036,0.000
81,1,0,0.036,-0.025
81,1,1,0.036,0.000
81,1,2,0.036,-0.025
81,1,3,0.036,-0.000
81,2,0,0.036,0.000
81,2,1,0.036,-0.025
81,2,2,0.036,0.000
81,2,3,0.036,-0.025
81,3,0,0.036,0.000
81,3,1,0.036,-0.000
81,3,2,0.036,-0.025
81,3,3,0.036,0.000
82,0,0,0.037,0.000
82,0,1,0.037,-0.025
82,0,2,0.037,0.000
82,0,3,0.037,0.000
82,1,0,0.037,-0.025
82,1,1,0.037,0.000
82,1,2,0.037,-0.025
82,1,3,0.037,-0.000
82,2,0,0.037,0.000
82,2,1,0.037,-0.025
82,2,2,0.037,0.000
82,2,3,0.037,-0.025
82,3,0,0.037,0.000
82,3,1,0.037,-0.000
82,3,2,0.037,-0.025
82,3,3,0.037,0.000
83,0,0,0.039,0.000
83,0,1,0.039,-0.025
83,0,2,0.039,0.000
83,0,3,0.039,0.000
83,1,0,0.039,-0.025
83,1,1,0.039,0.000
83,1,2,0.039,-0.025
83,1,3,0.039,-0.000
83,2,0,0.039,0.000
83,2,1,0.039,-0.025
83,2,2,0.039,0.000
83,2,3,0.039,-0.025
83,3,0,0.039,0.000
83,3,1,0.039,-0.000
83,3,2,0.039,-0.025
83,3,3,0.039,0.000
84,0,0,0.040,0.000
84,0,1,0.040,-0.025
84,0,2,0.040,0.000
84,0,3,0.040,0.000
84,1,0,0.040,-0.025
84,1,1,0.040,0.000
84,1,2,0.040,-0.025
84,1,3,0.040,-0.001
84,2,0,0.040,0.000
84,2,1,0.040,-0.025
84,2,2,0.040,0.000
84,2,3,0.040,-0.025
84,3,0,0.040,0.000
84,3,1,0.040,-0.001
84,3,2,0.040,-0.025
84,3,3,0.040,0.000
85,0,0,0.042,0.000
85,0,1,0.042,-0.025
85,0,2,0.042,0.000
85,0,3,0.042,0.000
85,1,0,0.042,-0.025
85,1,1,0.042,0.000
85,1,2,0.042,-0.025
85,1,3,0.042,-0.001
85,2,0,0.042,0.000
85,2,1,0.042,-0.025
85,2,2,0.042,0.000
85,2,3,0.042,-0.025
85,3,0,0.042,0.000
85,3,1,0.042,-0.001
85,3,2,0.042,-0.025
85,3,3,0.042,0.000
86,0,0,0.043,0.000
86,0,1,0.043,-0.025
86,0,2,0.043,0.000
86,0,3,0.043,0.000
86,1,0,0.043,-0.025
86,1,1,0.043,0.000
86,1,2,0.043,-0.025
86,1,3,0.043,-0.001
86,2,0,0.043,0.000
86,2,1,0.043,-0.025
86,2,2,0.043,0.000
86,2,3,0.043,-0.025
86,3,0,0.043,0.000
86,3,1,0.043,-0.001
86,3,2,0.043,-0.025
86,3,3,0.043,0.000
87,0,0,0.045,0.000
87,0,1,0.045,-0.025
87,0,2,0.045,0.000
87,0,3,0.045,0.000
87,1,0,0.045,-0.025
87,1,1,0.045,0.000
87,1,2,0.045,-0.025
87,1,3,0.045,-0.001
87,2,0,0.045,0.000
87,2,1,0.045,-0.025
87,2,2,0.045,0.000
87,2,3,0.045,-0.025
87,3,0,0.045,0.000
87,3,1,0.045,-0.001
87,3,2,0.045,-0.025
87,3,3,0.045,0.000
88,0,0,0.046,0.000
88,0,1,0.046,-0.025
88,0,2,0.046,0.000
88,0,3,0.046,0.000
88,1,0,0.046,-0.025
88,1,1,0.046,0.000
88,1,2,0.046,-0.025
88,1,3,0.046,-0.001
88,2,0,0.046,0.000
88,2,1,0.046,-0.025
88,2,2,0.046,0.000
88,2,3,0.046,-0.025
88,3,0,0.046,0.000
88,3,1,0.046,-0.001
88,3,2,0.046,-0.025
88,3,3,0.046,0.000
89,0,0,0.048,0.000
89,0,1,0.048,-0.025
89,0,2,0.048,0.000
89,0,3,0.048,0.000
89,1,0,0.048,-0.025
89,1,1,0.048,0.000
89,1,2,0.048,-0.024
89,1,3,0.048,-0.001
89,2,0,0.048,0.000
89,2,1,0.048,-0.024
89,2,2,0.048,0.000
89,2,3,0.048,-0.025
89,3,0,0.048,0.000
89,3,1,0.048,-0.001
89,3,2,0.048,-0.025
89,3,3,0.048,0.000
90,0,0,0.050,0.000
90,0,1,0.050,-0.025
90,0,2,0.050,0.000
90,0,3,0.050,0.000
90,1,0,0.050,-0.025
90,1,1,0.050,0.000
90,1,2,0.050,-0.024
90,1,3,0.050,-0.001
90,2,0,0.050,0.000
90,2,1,0.050,-0.024
90,2,2,0.050,0.000
90,2,3,0.050,-0.025
90,3,0,0.050,0.000
90,3,1,0.050,-0.001
90,3,2,0.050,-0.025
90,3,3,0.050,0.000
91,0,0,0.051,0.000
91,0,1,0.051,-0.025
91,0,2,0.051,0.000
91,0,3,0.051,0.000
91,1,0,0.051,-0.025
91,1,1,0.051,0.000
91,1,2,0.051,-0.024
91,1,3,0.051,-0.001
91,2,0,0.051,0.000
91,2,1,0.051,-0.024
91,2,2,0.051,0.000
91,2,3,0.051,-0.025
91,3,0,0.051,0.000
91,3,1,0.051,-0.001
91,3,2,0.051,-0.025
91,3,3,0.051,0.000
92,0,0,0.053,0.000
92,0,1,0.053,-0.025
92,0,2,0.053,0.000
92,0,3,0.053,0.000
92,1,0,0.053,-0.025
92,1,1,0.053,0.000
92,1,2,0.053,-0.024
92,1,3,0.053,-0.001
92,2,0,0.053,0.000
92,2,1,0.053,-0.024
92,2,2,0.053,0.000
92,2,3,0.053,-0.025
92,3,0,0.053,0.000
92,3,1,0.053,-0.001
92,3,2,0.053,-0.025
92,3,3,0.053,0.000
93,0,0,0.055,0.000
93,0,1,0.055,-0.025
93,0,2,0.055,0.000
93,0,3,0.055,0.000
93,1,0,0.055,-0.025
93,1,1,0.055,0.000
93,1,2,0.055,-0.024
93,1,3,0.055,-0.001
93,2,0,0.055,0.000
93,2,1,0.055,-0.024
93,2,2,0.055,0.000
93,2,3,0.055,-0.025
93,3,0,0.055,0.000
93,3,1,0.055,-0.001
93,3,2,0.055,-0.025
93,3,3,0.055,0.000
94,0,0,0.057,0.000
94,0,1,0.057,-0.025
94,0,2,0.057,0.000
94,0,3,0.057,0.000
94,1,0,0.057,-0.025
94,1,1,0.057,0.000
94,1,2,0.057,-0.024
94,1,3,0.057,-0.001
94,2,0,0.057,0.000
94,2,1,0.057,-0.024
94,2,2,0.057,0.000
94,2,3,0.057,-0.025
94,3,0,0.057,0.000
94,3,1,0.057,-0.001
94,3,2,0.057,-0.025
94,3,3,0.057,0.000
95,0,0,0.059,0.000
95,0,1,0.059,-0.025
95,0,2,0.059,0.000
95,0,3,0.059,0.000
95,1,0,0.059,-0.025
95,1,1,0.059,0.000
95,1,2,0.059,-0.024
95,1,3,0.059,-0.001
95,2,0,0.059,0.000
95,2,1,0.059,-0.024
95,2,2,0.059,0.000
95,2,3,0.059,-0.025
95,3,0,0.059,0.000
95,3,1,0.059,-0.001
95,3,2,0.059,-0.025
95,3,3,0.059,0.000
96,0,0,0.062,0.000
96,0,1,0.062,-0.025
96,0,2,0.062,0.000
96,0,3,0.062,0.000
96,1,0,0.062,-0.025
96,1,1,0.062,0.000
96,1,2,0.062,-0.024
96,1,3,0.062,-0.001
96,2,0,0.062,0.000
96,2,1,0.062,-0.024
96,2,2,0.062,0.000
96,2,3,0.062,-0.025
96,3,0,0.062,0.000
96,3,1,0.062,-0.001
96,3,2,0.062,-0.025
96,3,3,0.062,0.000
97,0,0,0.064,0.000
97,0,1,0.064,-0.025
97,0,2,0.064,0.000
97,0,3,0.064,0.000
97,1,0,0.064,-0.025
97,1,1,0.064,0.000
97,1,2,0.064,-0.024
97,1,3,0.064,-0.001
97,2,0,0.064,0.000
97,2,1,0.064,-0.024
97,2,2,0.064,0.000
97,2,3,0.064,-0.025
97,3,0,0.064,0.000
97,3,1,0.064,-0.001
97,3,2,0.064,-0.025
97,3,3,0.064,0.000
98,0,0,0.066,0.000
98,0,1,0.066,-0.025
98,0,2,0.066,0.000
98,0,3,0.066,0.000
98,1,0,0.066,-0.025
98,1,1,0.066,0.000
98,1,2,0.066,-0.024
98,1,3,0.066,-0.001
98,2,0,0.066,0.000
98,2,1,0.066,-0.024
98,2,2,0.066,0.000
98,2,3,0.066,-0.025
98,3,0,0.066,0.000
98,3,1,0.066,-0.001
98,3,2,0.066,-0.025
98,3,3,0.066,0.000
99,0,0,0.069,0.000
99,0,1,0.069,-0.025
99,0,2,0.069,0.000
99,0,3,0.069,0.000
99,1,0,0.069,-0.025
99,1,1,0.069,0.000
99,1,2,0.069,-0.024
99,1,3,0.069,-0.001
99,2,0,0.069,0.000
99,2,1,0.069,-0.024
99,2,2,0.069,0.000
99,2,3,0.069,-0.025
99,3,0,0.069,0.000
99,3,1,0.069,-0.001
99,3,2,0.069,-0.025
99,3,3,0.069,0.000
100,0,0,0.072,0.000
100,0,1,0.072,-0.025
100,0,2,0.072,0.000
100,0,3,0.072,0.000
100,1,0,0.072,-0.025
100,1,1,0.072,0.000
100,1,2,0.072,-0.024
100,1,3,0.072,-0.001
100,2,0,0.072,0.000
100,2,1,0.072,-0.024
100,2,2,0.072,0.000
100,2,3,0.072,-0.025
100,3,0,0.072,0.000
100,3,1,0.072,-0.001
100,3,2,0.072,-0.025
100,3,3,0.072,0.000
101,0,0,0.075,0.000
101,0,1,0.075,-0.025
101,0,2,0.075,0.000
101,0,3,0.075,0.000
101,1,0,0.075,-0.025
101,1,1,0.075,0.000
101,1,2,0.075,-0.024
101,1,3,0.075,-0.001
101,2,0,0.075,0.000
101,2,1,0.075,-0.024
101,2,2,0.075,0.000
101,2,3,0.075,-0.025
101,3,0,0.075,0.000
101,3,1,0.075,-0.001
101,3,2,0.075,-0.025
101,3,3,0.075,0.000
102,0,0,0.078,0.000
102,0,1,0.078,-0.025
102,0,2,0.078,0.000
102,0,3,0.078,0.000
102,1,0,0.078,-0.025
102,1,1,0.078,0.000
102,1,2,0.078,-0.024
102,1,3,0.078,-0.001
102,2,0,0.078,0.000
102,2,1,0.078,-0.024
102,2,2,0.078,0.000
102,2,3,0.078,-0.025
102,3,0,0.078,0.000
102,3,1,0.078,-0.001
102,3,2,0.078,-0.025
102,3,3,0.078,0.000
103,0,0,0.082,0.000
103,0,1,0.082,-0.025
103,0,2,0.082,0.000
103,0,3,0.082,0.000
103,1,0,0.082,-0.025
103,1,1,0.082,0.000
103,1,2,0.082,-0.024
103,1,3,0.082,-0.001
103,2,0,0.082,0.000
103,2,1,0.082,-0.024
103,2,2,0.082,0.000
103,2,3,0.082,-0.025
103,3,0,0.082,0.000
103,3,1,0.082,-0.001
103,3,2,0.082,-0.025
103,3,3,0.082,0.000
104,0,0,0.086,0.000
104,0,1,0.086,-0.025
104,0,2,0.086,0.000
104,0,3,0.086,0.000
104,1,0,0.086,-0.025
104,1,1,0.086,0.000
104,1,2,0.086,-0.024
104,1,3,0.086,-0.001
104,2,0,0.086,0.000
104,2,1,0.086,-0.024
104,2,2,0.086,0.000
104,2,3,0.086,-0.025
104,3,0,0.086,0.000
104,3,1,0.086,-0.001
104,3,2,0.086,-0.025
104,3,3,0.086,0.000
105,0,0,0.090,0.000
105,0,1,0.090,-0.025
105,0,2,0.090,0.000
105,0,3,0.090,0.000
105,1,0,0.090,-0.025
105,1,1,0.090,0.000
105,1,2,0.090,-0.024
105,1,3,0.090,-0.001
105,2,0,0.090,0.000
105,2,1,0.090,-0.024
105,2,2,0.090,0.000
105,2,3,0.090,-0.025
105,3,0,0.090,0.000
105,3,1,0.090,-0.001
105,3,2,0.090,-0.025
105,3,3,0.090,0.000
106,0,0,0.094,0.000
106,0,1,0.094,-0.025
106,0,2,0.094,0.000
106,0,3,0.094,0.000
106,1,0,0.094,-0.025
106,1,1,0.094,0.000
106,1,2,0.094,-0.024
106,1,3,0.094,-0.001
106,2,0,0.094,0.000
106,2,1,0.094,-0.024
106,2,2,0.094,0.000
106,2,3,0.094,-0.025
106,3,0,0.094,0.000
106,3,1,0.094,-0.001
106,3,2,0.094,-0.025
106,3,3,0.094,0.000
107,0,0,0.099,0.000
107,0,1,0.099,-0.025
107,0,2,0.099,0.000
107,0,3,0.099,0.000
107,1,0,0.099,-0.025
107,1,1,0.099,0.000
107,1,2,0.099,-0.024
107,1,3,0.099,-0.001
107,2,0,0.099,0.000
107,2,1,0.099,-0.024
107,2,2,0.099,0.000
107,2,3,0.099,-0.025
107,3,0,0.099,0.000
107,3,1,0.099,-0.001
107,3,2,0.099,-0.025
107,3,3,0.099,0.000
108,0,0,0.105,0.000
108,0,1,0.105,-0.025
108,0,2,0.105,0.000
108,0,3,0.105,0.000
108,1,0,0.105,-0.025
108,1,1,0.105,0.000
108,1,2,0.105,-0.024
108,1,3,0.105,-0.001
108,2,0,0.105,0.000
108,2,1,0.105,-0.024
108,2,2,0.105,0.000
108,2,3,0.105,-0.025
108,3,0,0.105,0.000
108,3,1,0.105,-0.001
108,3,2,0.105,-0.025
108,3,3,0.105,0.000
109,0,0,0.112,0.000
109,0,1,0.112,-0.025
109,0,2,0.112,0.000
109,0,3,0.112,0.000
109,1,0,0.112,-0.025
109,1,1,0.112,0.000
109,1,2,0.112,-0.024
109,1,3,0.112,-0.001
109,2,0,0.112,0.000
109,2,1,0.112,-0.024
109,2,2,0.112,0.000
109,2,3,0.112,-0.025
109,3,0,0.112,0.000
109,3,1,0.112,-0.001
109,3,2,0.112,-0.025
109,3,3,0.112,0.000
110,0,0,0.120,0.000
110,0,1,0.120,-0.025
110,0,2,0.120,0.000
110,0,3,0.120,0.000
110,1,0,0.120,-0.025
110,1,1,0.120,0.000
110,1,2,0.120,-0.024
110,1,3,0.120,-0.001
110,2,0,0.120,0.000
110,2,1,0.120,-0.024
110,2,2,0.120,0.000
110,2,3,0.120,-0.025
110,3,0,0.120,0.000
110,3,1,0.120,-0.001
110,3,2,0.120,-0.025
110,3,3,0.120,0.000
111,0,0,0.129,0.000
111,0,1,0.129,-0.025
111,0,2,0.129,0.000
111,0,3,0.129,0.000
111,1,0,0.129,-0.025
111,1,1,0.129,0.000
111,1,2,0.129,-0.024
111,1,3,0.129,-0.001
111,2,0,0.129,0.000
111,2,1,0.129,-0.024
111,2,2,0.129,0.000
111,2,3,0.129,-0.025
111,3,0,0.129,0.000
111,3,1,0.129,-0.001
111,3,2,0.129,-0.025
111,3,3,0.129,0.000
112,0,0,0.141,0.000
112,0,1,0.141,-0.025
112,0,2,0.141,0.000
112,0,3,0.141,0.000
112,1,0,0.141,-0.025
112,1,1,0.141,0.000
112,1,2,0.141,-0.024
112,1,3,0.141,-0.001
112,2,0,0.141,0.000
112,2,1,0.141,-0.024
112,2,2,0.141,0.000
112,2,3,0.141,-0.025
112,3,0,0.141,0.000
112,3,1,0.141,-0.001
112,3,2,0.141,-0.025
112,3,3,0.141,0.000
113,0,0,0.156,0.000
113,0,1,0.156,-0.025
113,0,2,0.156,0.000
113,0,3,0.156,0.000
113,1,0,0.156,-0.025
113,1,1,0.156,0.000
113,1,2,0.156,-0.024
113,1,3,0.156,-0.001
113,2,0,0.156,0.000
113,2,1,0.156,-0.024
113,2,2,0.156,0.000
113,2,3,0.156,-0.025
113,3,0,0.156,0.000
113,3,1,0.156,-0.001
113,3,2,0.156,-0.025
113,3,3,0.156,0.000
114,0,0,0.177,0.000
114,0,1,0.177,-0.025
114,0,2,0.177,0.000
114,0,3,0.177,0.000
114,1,0,0.177,-0.025
114,1,1,0.177,0.000
114,1,2,0.177,-0.024
114,1,3,0.177,-0.001
114,2,0,0.177,0.000
114,2,1,0.177,-0.024
114,2,2,0.177,0.000
114,2,3,0.177,-0.025
114,3,0,0.177,0.000
114,3,1,0.177,-0.001
114,3,2,0.177,-0.025
114,3,3,0.177,0.000
115,0,0,0.211,0.000
115,0,1,0.211,-0.025
115,0,2,0.211,0.000
115,0,3,0.211,0.000
115,1,0,0.211,-0.025
115,1,1,0.211,0.000
115,1,2,0.211,-0.024
115,1,3,0.211,-0.001
115,2,0,0.211,0.000
115,2,1,0.211,-0.024
115,2,2,0.211,0.000
115,2,3,0.211,-0.025
115,3,0,0.211,0.000
115,3,1,0.211,-0.001
115,3,2,0.211,-0.025
115,3,3,0.211,0.000
116,0,0,0.279,0.000
116,0,1,0.279,-0.025
116,0,2,0.279,0.000
116,0,3,0.279,0.000
116,1,0,0.279,-0.025
116,1,1,0.279,0.000
116,1,2,0.279,-0.024
116,1,3,0.279,-0.001
116,2,0,0.279,0.000
116,2,1,0.279,-0.024
116,2,2,0.279,0.000
116,2,3,0.279,-0.025
116,3,0,0.279,0.000
116,3,1,0.279,-0.001
116,3,2,0.279,-0.025
116,3,3,0.279,0.000
117,0,0,0.416,0.000
117,0,1,0.416,-0.025
117,0,2,0.416,0.000
117,0,3,0.416,0.000
117,1,0,0.416,-0.025
117,1,1,0.416,0.000
117,1,2,0.416,-0.024
117,1,3,0.416,-0.001
117,2,0,0.416,0.000
117,2,1,0.416,-0.024
117,2,2,0.416,0.000
117,2,3,0.416,-0.025
117,3,0,0.416,0.000
117,3,1,0.416,-0.001
117,3,2,0.416,-0.025
117,3,3,0.416,0.000
118,0,0,0.689,0.000
118,0,1,0.689,-0.025
118,0,2,0.689,0.000
118,0,3,0.689,0.000
118,1,0,0.689,-0.025
118,1,1,0.689,0.000
118,1,2,0.689,-0.024
118,1,3,0.689,-0.001
118,2,0,0.689,0.000
118,2,1,0.689,-0.024
118,2,2,0.689,0.000
118,2,3,0.689,-0.025
118,3,0,0.689,0.000
118,3,1,0.689,-0.001
118,3,2,0.689,-0.025
118,3,3,0.689,0.000
119,0,0,0.738,0.000
119,0,1,0.738,-0.025
119,0,2,0.738,0.000
119,0,3,0.738,0.000
119,1,0,0.738,-0.025
119,1,1,0.738,0.000
119,1,2,0.738,-0.024
119,1,3,0.738,-0.001
119,2,0,0.738,0.000
119,2,1,0.738,-0.024
119,2,2,0.738,0.000
119,2,3,0.738,-0.025
119,3,0,0.738,0.000
119,3,1,0.738,-0.001
119,3,2,0.738,-0.025
119,3,3,0.738,0.000
120,0,0,0.788,0.000
120,0,1,0.788,-0.025
120,0,2,0.788,0.000
120,0,3,0.788,0.000
120,1,0,0.788,-0.025
120,1,1,0.788,0.000
120,1,2,0.788,-0.024
120,1,3,0.788,-0.001
120,2,0,0.788,0.000
120,2,1,0.788,-0.024
120,2,2,0.788,0.000
120,2,3,0.788,-0.025
120,3,0,0.788,0.000
120,3,1,0.788,-0.001
120,3,2,0.788,-0.025
120,3,3,0.788,0.000
121,0,0,0.887,0.000
121,0,1,0.887,-0.025
121,0,2,0.887,0.000
121,0,3,0.887,0.000
121,1,0,0.887,-0.025
121,1,1,0.887,0.000
121,1,2,0.887,-0.024
121,1,3,0.887,-0.001
121,2,0,0.887,0.000
121,2,1,0.887,-0.024
121,2,2,0.887,0.000
121,2,3,0.887,-0.025
121,3,0,0.887,0.000
121,3,1,0.887,-0.001
121,3,2,0.887,-0.025
121,3,3,0.887,0.000
122,0,0,1.084,0.000
122,0,1,1.084,-0.025
122,0,2,1.084,0.000
122,0,3,1.084,0.000
122,1,0,1.084,-0.025
122,1,1,1.084,0.000
122,1,2,1.084,-0.024
122,1,3,1.084,-0.001
122,2,0,1.084,0.000
122,2,1,1.084,-0.024
122,2,2,1.084,0.000
122,2,3,1.084,-0.025
122,3,0,1.084,0.000
122,3,1,1.084,-0.001
122,3,2,1.084,-0.025
122,3,3,1.084,0.000
123,0,0,1.246,0.000
123,0,1,1.246,-0.025
123,0,2,1.246,0.000
123,0,3,1.246,0.000
123,1,0,1.246,-0.025
123,1,1,1.246,0.000
123,1,2,1.246,-0.024
123,1,3,1.246,-0.001
123,2,0,1.246,0.000
123,2,1,1.246,-0.024
123,2,2,1.246,0.000
123,2,3,1.246,-0.025
123,3,0,1.246,0.000
123,3,1,1.246,-0.001
123,3,2,1.246,-0.025
123,3,3,1.246,0.000
124,0,0,1.300,0.000
124,0,1,1.300,-0.025
124,0,2,1.300,0.000
124,0,3,1.300,0.000
124,1,0,1.300,-0.025
124,1,1,1.300,0.000
124,1,2,1.300,-0.024
124,1,3,1.300,-0.001
124,2,0,1.300,0.000
124,2,1,1.300,-0.024
124,2,2,1.300,0.000
124,2,3,1.300,-0.025
124,3,0,1.300,0.000
124,3,1,1.300,-0.001
124,3,2,1.300,-0.025
124,3,3,1.300,0.000
125,0,0,1.353,0.000
125,0,1,1.353,-0.025
125,0,2,1.353,0.000
125,0,3,1.353,0.000
125,1,0,1.353,-0.025
125,1,1,1.353,0.000
125,1,2,1.353,-0.024
125,1,3,1.353,-0.001
125,2,0,1.353,0.000
125,2,1,1.353,-0.024
125,2,2,1.353,0.000
125,2,3,1.353,-0.025
125,3,0,1.353,0.000
125,3,1,1.353,-0.001
125,3,2,1.353,-0.025
125,3,3,1.353,0.000
126,0,0,1.437,0.000
126,0,1,1.437,-0.025
126,0,2,1.437,0.000
126,0,3,1.437,0.000
126,1,0,1.437,-0.025
126,1,1,1.437,0.000
126,1,2,1.437,-0.024
126,1,3,1.437,-0.001
126,2,0,1.437,0.000
126,2,1,1.437,-0.024
126,2,2,1.437,0.000
126,2,3,1.437,-0.025
126,3,0,1.437,0.000
126,3,1,1.437,-0.001
126,3,2,1.437,-0.025
126,3,3,1.437,0.000
127,0,0,1.604,0.000
127,0,1,1.604,-0.025
127,0,2,1.604,0.000
127,0,3,1.604,0.000
127,1,0,1.604,-0.025
127,1,1,1.604,0.000
127,1,2,1.604,-0.024
127,1,3,1.604,-0.001
127,2,0,1.604,0.000
127,2,1,1.604,-0.024
127,2,2,1.604,0.000
127,2,3,1.604,-0.025
127,3,0,1.604,0.000
127,3,1,1.604,-0.001
127,3,2,1.604,-0.025
127,3,3,1.604,0.000
128,0,0,1.666,0.000
128,0,1,1.666,-0.025
128,0,2,1.666,0.000
128,0,3,1.666,0.000
128,1,0,1.666,-0.025
128,1,1,1.666,0.000
128,1,2,1.666,-0.024
128,1,3,1.666,-0.001
128,2,0,1.666,0.000
128,2,1,1.666,-0.024
128,2,2,1.666,0.000
128,2,3,1.666,-0.025
128,3,0,1.666,0.000
128,3,1,1.666,-0.001
128,3,2,1.666,-0.025
128,3,3,1.666,0.000
129,0,0,1.727,0.000
129,0,1,1.727,-0.025
129,0,2,1.727,0.000
129,0,3,1.727,0.000
129,1,0,1.727,-0.025
129,1,1,1.727,0.000
129,1,2,1.727,-0.024
129,1,3,1.727,-0.001
129,2,0,1.727,0.000
129,2,1,1.727,-0.024
129,2,2,1.727,0.000
129,2,3,1.727,-0.025
129,3,0,1.727,0.000
129,3,1,1.727,-0.001
129,3,2,1.727,-0.025
129,3,3,1.727,0.000
130,0,0,1.834,0.000
130,0,1,1.834,-0.025
130,0,2,1.834,0.000
130,0,3,1.834,0.000
130,1,0,1.834,-0.025
130,1,1,1.834,0.000
130,1,2,1.834,-0.024
130,1,3,1.834,-0.001
130,2,0,1.834,0.000
130,2,1,1.834,-0.024
130,2,2,1.834,0.000
130,2,3,1.834,-0.025
130,3,0,1.834,0.000
130,3,1,1.834,-0.001
130,3,2,1.834,-0.025
130,3,3,1.834,0.000
131,0,0,1.940,0.000
131,0,1,1.940,-0.025
131,0,2,1.940,0.000
131,0,3,1.940,0.000
131,1,0,1.940,-0.025
131,1,1,1.940,0.000
131,1,2,1.940,-0.024
131,1,3,1.940,-0.001
131,2,0,1.940,0.000
131,2,1,1.940,-0.024
131,2,2,1.940,0.000
131,2,3,1.940,-0.025
131,3,0,1.940,0.000
131,3,1,1.940,-0.001
131,3,2,1.940,-0.025
131,3,3,1.940,0.000
132,0,0,2.002,0.000
132,0,1,2.002,-0.025
132,0,2,2.002,0.000
132,0,3,2.002,0.000
132,1,0,2.002,-0.025
132,1,1,2.002,0.000
132,1,2,2.002,-0.024
132,1,3,2.002,-0.001
132,2,0,2.002,0.000
132,2,1,2.002,-0.024
132,2,2,2.002,0.000
132,2,3,2.002,-0.025
132,3,0,2.002,0.000
132,3,1,2.002,-0.001
132,3,2,2.002,-0.025
132,3,3,2.002,0.000
133,0,0,2.064,0.000
133,0,1,2.064,-0.025
133,0,2,2.064,0.000
133,0,3,2.064,0.000
133,1,0,2.064,-0.025
133,1,1,2.064,0.000
133,1,2,2.064,-0.024
133,1,3,2.064,-0.001
133,2,0,2.064,0.000
133,2,1,2.064,-0.024
133,2,2,2.064,0.000
133,2,3,2.064,-0.025
133,3,0,2.064,0.000
133,3,1,2.064,-0.001
133,3,2,2.064,-0.025
133,3,3,2.064,0.000
134,0,0,2.169,0.000
134,0,1,2.169,-0.025
134,0,2,2.169,0.000
134,0,3,2.169,0.000
134,1,0,2.169,-0.025
134,1,1,2.169,0.000
134,1,2,2.169,-0.024
134,1,3,2.169,-0.001
134,2,0,2.169,0.000
134,2,1,2.169,-0.024
134,2,2,2.169,0.000
134,2,3,2.169,-0.025
134,3,0,2.169,0.000
134,3,1,2.169,-0.001
134,3,2,2.169,-0.025
134,3,3,2.169,0.000
135,0,0,2.276,0.000
135,0,1,2.276,-0.025
135,0,2,2.276,0.000
135,0,3,2.276,0.000
135,1,0,2.276,-0.025
135,1,1,2.276,0.000
135,1,2,2.276,-0.024
135,1,3,2.276,-0.001
135,2,0,2.276,0.000
135,2,1,2.276,-0.024
135,2,2,2.276,0.000
135,2,3,2.276,-0.025
135,3,0,2.276,0.000
135,3,1,2.276,-0.001
135,3,2,2.276,-0.025
135,3,3,2.276,0.000
136,0,0,2.337,0.000
136,0,1,2.337,-0.025
136,0,2,2.337,0.000
136,0,3,2.337,0.000
136,1,0,2.337,-0.025
136,1,1,2.337,0.000
136,1,2,2.337,-0.024
136,1,3,2.337,-0.001
136,2,0,2.337,0.000
136,2,1,2.337,-0.024
136,2,2,2.337,0.000
136,2,3,2.337,-0.025
136,3,0,2.337,0.000
136,3,1,2.337,-0.001
136,3,2,2.337,-0.025
136,3,3,2.337,0.000
137,0,0,2.398,0.000
137,0,1,2.398,-0.025
137,0,2,2.398,0.000
137,0,3,2.398,0.000
137,1,0,2.398,-0.025
137,1,1,2.398,0.000
137,1,2,2.398,-0.024
137,1,3,2.398,-0.001
137,2,0,2.398,0.000
137,2,1,2.398,-0.024
137,2,2,2.398,0.000
137,2,3,2.398,-0.025
137,3,0,2.398,0.000
137,3,1,2.398,-0.001
137,3,2,2.398,-0.025
137,3,3,2.398,0.000
138,0,0,2.504,0.000
138,0,1,2.504,-0.025
138,0,2,2.504,0.000
138,0,3,2.504,0.000
138,1,0,2.504,-0.025
138,1,1,2.504,0.000
138,1,2,2.504,-0.024
138,1,3,2.504,-0.001
138,2,0,2.504,0.000
138,2,1,2.504,-0.024
138,2,2,2.504,0.000
138,2,3,2.504,-0.025
138,3,0,2.504,0.000
138,3,1,2.504,-0.001
138,3,2,2.504,-0.025
138,3,3,2.504,0.000
139,0,0,2.611,0.000
139,0,1,2.611,-0.025
139,0,2,2.611,0.000
139,0,3,2.611,0.000
139,1,0,2.611,-0.025
139,1,1,2.611,0.000
139,1,2,2.611,-0.024
139,1,3,2.611,-0.001
139,2,0,2.611,0.000
139,2,1,2.611,-0.024
139,2,2,2.611,0.000
139,2,3,2.611,-0.025
139,3,0,2.611,0.000
139,3,1,2.611,-0.001
139,3,2,2.611,-0.025
139,3,3,2.611,0.000
140,0,0,2.672,0.000
140,0,1,2.672,-0.025
140,0,2,2.672,0.000
140,0,3,2.672,0.000
140,1,0,2.672,-0.025
140,1,1,2.672,0.000
140,1,2,2.672,-0.024
140,1,3,2.672,-0.001
140,2,0,2.672,0.000
140,2,1,2.672,-0.024
140,2,2,2.672,0.000
140,2,3,2.672,-0.025
140,3,0,2.672,0.000
140,3,1,2.672,-0.001
140,3,2,2.672,-0.025
140,3,3,2.672,0.000
141,0,0,2.733,0.000
141,0,1,2.733,-0.025
141,0,2,2.733,0.000
141,0,3,2.733,0.000
141,1,0,2.733,-0.025
141,1,1,2.733,0.000
141,1,2,2.733,-0.024
141,1,3,2.733,-0.001
141,2,0,2.733,0.000
141,2,1,2.733,-0.024
141,2,2,2.733,0.000
141,2,3,2.733,-0.025
141,3,0,2.733,0.000
141,3,1,2.733,-0.001
141,3,2,2.733,-0.025
141,3,3,2.733,0.000
142,0,0,2.839,0.000
142,0,1,2.839,-0.025
142,0,2,2.839,0.000
142,0,3,2.839,0.000
142,1,0,2.839,-0.025
142,1,1,2.839,0.000
142,1,2,2.839,-0.024
142,1,3,2.839,-0.001
142,2,0,2.839,0.000
142,2,1,2.839,-0.024
142,2,2,2.839,0.000
142,2,3,2.839,-0.025
142,3,0,2.839,0.000
142,3,1,2.839,-0.001
142,3,2,2.839,-0.025
142,3,3,2.839,0.000
143,0,0,2.945,0.000
143,0,1,2.945,-0.025
143,0,2,2.945,0.000
143,0,3,2.945,0.000
143,1,0,2.945,-0.025
143,1,1,2.945,0.000
143,1,2,2.945,-0.024
143,1,3,2.945,-0.001
143,2,0,2.945,0.000
143,2,1,2.945,-0.024
143,2,2,2.945,0.000
143,2,3,2.945,-0.025
143,3,0,2.945,0.000
143,3,1,2.945,-0.001
143,3,2,2.945,-0.025
143,3,3,2.945,0.000
144,0,0,3.007,0.000
144,0,1,3.007,-0.025
144,0,2,3.007,0.000
144,0,3,3.007,0.000
144,1,0,3.007,-0.025
144,1,1,3.007,0.000
144,1,2,3.007,-0.024
144,1,3,3.007,-0.001
144,2,0,3.007,0.000
144,2,1,3.007,-0.024
144,2,2,3.007,0.000
144,2,3,3.007,-0.025
144,3,0,3.007,0.000
144,3,1,3.007,-0.001
144,3,2,3.007,-0.025
144,3,3,3.007,0.000
145,0,0,3.068,0.000
145,0,1,3.068,-0.025
145,0,2,3.068,0.000
145,0,3,3.068,0.000
145,1,0,3.068,-0.025
145,1,1,3.068,0.000
145,1,2,3.068,-0.024
145,1,3,3.068,-0.001
145,2,0,3.068,0.000
145,2,1,3.068,-0.024
145,2,2,3.068,0.000
145,2,3,3.068,-0.025
145,3,0,3.068,0.000
145,3,1,3.068,-0.001
145,3,2,3.068,-0.025
145,3,3,3.068,0.000
146,0,0,3.174,0.000
146,0,1,3.174,-0.025
146,0,2,3.174,0.000
146,0,3,3.174,0.000
146,1,0,3.174,-0.025
146,1,1,3.174,0.000
146,1,2,3.174,-0.024
146,1,3,3.174,-0.001
146,2,0,3.174,0.000
146,2,1,3.174,-0.024
146,2,2,3.174,0.000
146,2,3,3.174,-0.025
146,3,0,3.174,0.000
146,3,1,3.174,-0.001
146,3,2,3.174,-0.025
146,3,3,3.174,0.000
147,0,0,3.280,0.000
147,0,1,3.280,-0.025
147,0,2,3.280,0.000
147,0,3,3.280,0.000
147,1,0,3.280,-0.025
147,1,1,3.280,0.000
147,1,2,3.280,-0.024
147,1,3,3.280,-0.001
147,2,0,3.280,0.000
147,2,1,3.280,-0.024
147,2,2,3.280,0.000
147,2,3,3.280,-0.025
147,3,0,3.280,0.000
147,3,1,3.280,-0.001
147,3,2,3.280,-0.025
147,3,3,3.280,0.000
148,0,0,3.341,0.000
148,0,1,3.341,-0.025
148,0,2,3.341,0.000
148,0,3,3.341,0.000
148,1,0,3.341,-0.025
148,1,1,3.341,0.000
148,1,2,3.341,-0.024
148,1,3,3.341,-0.001
148,2,0,3.341,0.000
148,2,1,3.341,-0.024
148,2,2,3.341,0.000
148,2,3,3.341,-0.025
148,3,0,3.341,0.000
148,3,1,3.341,-0.001
148,3,2,3.341,-0.025
148,3,3,3.341,0.000
149,0,0,3.402,0.000
149,0,1,3.402,-0.025
149,0,2,3.402,0.000
149,0,3,3.402,0.000
149,1,0,3.402,-0.025
149,1,1,3.402,0.000
149,1,2,3.402,-0.024
149,1,3,3.402,-0.001
149,2,0,3.402,0.000
149,2,1,3.402,-0.024
149,2,2,3.402,0.000
149,2,3,3.402,-0.025
149,3,0,3.402,0.000
149,3,1,3.402,-0.001
149,3,2,3.402,-0.025
149,3,3,3.402,0.000
150,0,0,3.508,0.000
150,0,1,3.508,-0.025
150,0,2,3.508,0.000
150,0,3,3.508,0.000
150,1,0,3.508,-0.025
150,1,1,3.508,0.000
150,1,2,3.508,-0.024
150,1,3,3.508,-0.001
150,2,0,3.508,0.000
150,2,1,3.508,-0.024
150,2,2,3.508,0.000
150,2,3,3.508,-0.025
150,3,0,3.508,0.000
150,3,1,3.508,-0.001
150,3,2,3.508,-0.025
150,3,3,3.508,0.000
151,0,0,3.615,0.000
151,0,1,3.615,-0.025
151,0,2,3.615,0.000
151,0,3,3.615,0.000
151,1,0,3.615,-0.025
151,1,1,3.615,0.000
151,1,2,3.615,-0.024
151,1,3,3.615,-0.001
151,2,0,3.615,0.000
151,2,1,3.615,-0.024
151,2,2,3.615,0.000
151,2,3,3.615,-0.025
151,3,0,3.615,0.000
151,3,1,3.615,-0.001
151,3,2,3.615,-0.025
151,3,3,3.615,0.000
152,0,0,3.676,0.000
152,0,1,3.676,-0.025
152,0,2,3.676,0.000
152,0,3,3.676,0.000
152,1,0,3.676,-0.025
152,1,1,3.676,0.000
152,1,2,3.676,-0.024
152,1,3,3.676,-0.001
152,2,0,3.676,0.000
152,2,1,3.676,-0.024
152,2,2,3.676,0.000
152,2,3,3.676,-0.025
152,3,0,3.676,0.000
152,3,1,3.676,-0.001
152,3,2,3.676,-0.025
152,3,3,3.676,0.000
153,0,0,3.737,0.000
153,0,1,3.737,-0.025
153,0,2,3.737,0.000
153,0,3,3.737,0.000
153,1,0,3.737,-0.025
153,1,1,3.737,0.000
153,1,2,3.737,-0.024
153,1,3,3.737,-0.001
153,2,0,3.737,0.000
153,2,1,3.737,-0.024
153,2,2,3.737,0.000
153,2,3,3.737,-0.025
153,3,0,3.737,0.000
153,3,1,3.737,-0.001
153,3,2,3.737,-0.025
153,3,3,3.737,0.000
154,0,0,3.844,0.000
154,0,1,3.844,-0.025
154,0,2,3.844,0.000
154,0,3,3.844,0.000
154,1,0,3.844,-0.025
154,1,1,3.844,0.000
154,1,2,3.844,-0.024
154,1,3,3.844,-0.001
154,2,0,3.844,0.000
154,2,1,3.844,-0.024
154,2,2,3.844,0.000
154,2,3,3.844,-0.025
154,3,0,3.844,0.000
154,3,1,3.844,-0.001
154,3,2,3.844,-0.025
154,3,3,3.844,0.000
155,0,0,3.950,0.000
155,0,1,3.950,-0.025
155,0,2,3.950,0.000
155,0,3,3.950,0.000
155,1,0,3.950,-0.025
155,1,1,3.950,0.000
155,1,2,3.950,-0.024
155,1,3,3.950,-0.001
155,2,0,3.950,0.000
155,2,1,3.950,-0.024
155,2,2,3.950,0.000
155,2,3,3.950,-0.025
155,3,0,3.950,0.000
155,3,1,3.950,-0.001
155,3,2,3.950,-0.025
155,3,3,3.950,0.000
156,0,0,4.011,0.000
156,0,1,4.011,-0.025
156,0,2,4.011,0.000
156,0,3,4.011,0.000
156,1,0,4.011,-0.025
156,1,1,4.011,0.000
156,1,2,4.011,-0.024
156,1,3,4.011,-0.001
156,2,0,4.011,0.000
156,2,1,4.011,-0.024
156,2,2,4.011,0.000
156,2,3,4.011,-0.025
156,3,0,4.011,0.000
156,3,1,4.011,-0.001
156,3,2,4.011,-0.025
156,3,3,4.011,0.000
157,0,0,4.072,0.000
157,0,1,4.072,-0.025
157,0,2,4.072,0.000
157,0,3,4.072,0.000
157,1,0,4.072,-0.025
157,1,1,4.072,0.000
157,1,2,4.072,-0.024
157,1,3,4.072,-0.001
157,2,0,4.072,0.000
157,2,1,4.072,-0.024
157,2,2,4.072,0.000
157,2,3,4.072,-0.025
157,3,0,4.072,0.000
157,3,1,4.072,-0.001
157,3,2,4.072,-0.025
157,3,3,4.072,0.000
158,0,0,4.179,0.000
158,0,1,4.179,-0.025
158,0,2,4.179,0.000
158,0,3,4.179,0.000
158,1,0,4.179,-0.025
158,1,1,4.179,0.000
158,1,2,4.179,-0.024
158,1,3,4.179,-0.001
158,2,0,4.179,0.000
158,2,1,4.179,-0.024
158,2,2,4.179,0.000
158,2,3,4.179,-0.025
158,3,0,4.179,0.000
158,3,1,4.179,-0.001
158,3,2,4.179,-0.025
158,3,3,4.179,0.000
159,0,0,4.286,0.000
159,0,1,4.286,-0.025
159,0,2,4.286,0.000
159,0,3,4.286,0.000
159,1,0,4.286,-0.025
159,1,1,4.286,0.000
159,1,2,4.286,-0.024
159,1,3,4.286,-0.001
159,2,0,4.286,0.000
159,2,1,4.286,-0.024
159,2,2,4.286,0.000
159,2,3,4.286,-0.025
159,3,0,4.286,0.000
159,3,1,4.286,-0.001
159,3,2,4.286,-0.025
159,3,3,4.286,0.000
160,0,0,4.347,0.000
160,0,1,4.347,-0.025
160,0,2,4.347,0.000
160,0,3,4.347,0.000
160,1,0,4.347,-0.025
160,1,1,4.347,0.000
160,1,2,4.347,-0.024
160,1,3,4.347,-0.001
160,2,0,4.347,0.000
160,2,1,4.347,-0.024
160,2,2,4.347,0.000
160,2,3,4.347,-0.025
160,3,0,4.347,0.000
160,3,1,4.347,-0.001
160,3,2,4.347,-0.025
160,3,3,4.347,0.000
161,0,0,4.408,0.000
161,0,1,4.408,-0.025
161,0,2,4.408,0.000
161,0,3,4.408,0.000
161,1,0,4.408,-0.025
161,1,1,4.408,0.000
161,1,2,4.408,-0.024
161,1,3,4.408,-0.001
161,2,0,4.408,0.000
161,2,1,4.408,-0.024
161,2,2,4.408,0.000
161,2,3,4.408,-0.025
161,3,0,4.408,0.000
161,3,1,4.408,-0.001
161,3,2,4.408,-0.025
161,3,3,4.408,0.000
162,0,0,4.513,0.000
162,0,1,4.513,-0.025
162,0,2,4.513,0.000
162,0,3,4.513,0.000
162,1,0,4.513,-0.025
162,1,1,4.513,0.000
162,1,2,4.513,-0.024
162,1,3,4.513,-0.001
162,2,0,4.513,0.000
162,2,1,4.513,-0.024
162,2,2,4.513,0.000
162,2,3,4.513,-0.025
162,3,0,4.513,0.000
162,3,1,4.513,-0.001
162,3,2,4.513,-0.025
162,3,3,4.513,0.000
163,0,0,4.621,0.000
163,0,1,4.621,-0.025
163,0,2,4.621,0.000
163,0,3,4.621,0.000
163,1,0,4.621,-0.025
163,1,1,4.621,0.000
163,1,2,4.621,-0.024
163,1,3,4.621,-0.001
163,2,0,4.621,0.000
163,2,1,4.621,-0.024
163,2,2,4.621,0.000
163,2,3,4.621,-0.025
163,3,0,4.621,0.000
163,3,1,4.621,-0.001
163,3,2,4.621,-0.025
163,3,3,4.621,0.000
164,0,0,4.681,0.000
164,0,1,4.681,-0.025
164,0,2,4.681,0.000
164,0,3,4.681,0.000
164,1,0,4.681,-0.025
164,1,1,4.681,0.000
164,1,2,4.681,-0.024
164,1,3,4.681,-0.001
164,2,0,4.681,0.000
164,2,1,4.681,-0.024
164,2,2,4.681,0.000
164,2,3,4.681,-0.025
164,3,0,4.681,0.000
164,3,1,4.681,-0.001
164,3,2,4.681,-0.025
164,3,3,4.681,0.000
165,0,0,4.742,0.000
165,0,1,4.742,-0.025
165,0,2,4.742,0.000
165,0,3,4.742,0.000
165,1,0,4.742,-0.025
165,1,1,4.742,0.000
165,1,2,4.742,-0.024
165,1,3,4.742,-0.001
165,2,0,4.742,0.000
165,2,1,4.742,-0.024
165,2,2,4.742,0.000
165,2,3,4.742,-0.025
165,3,0,4.742,0.000
165,3,1,4.742,-0.001
165,3,2,4.742,-0.025
165,3,3,4.742,0.000
166,0,0,4.849,0.000
166,0,1,4.849,-0.025
166,0,2,4.849,0.000
166,0,3,4.849,0.000
166,1,0,4.849,-0.025
166,1,1,4.849,0.000
166,1,2,4.849,-0.024
166,1,3,4.849,-0.001
166,2,0,4.849,0.000
166,2,1,4.849,-0.024
166,2,2,4.849,0.000
166,2,3,4.849,-0.025
166,3,0,4.849,0.000
166,3,1,4.849,-0.001
166,3,2,4.849,-0.025
166,3,3,4.849,0.000
167,0,0,4.956,0.000
167,0,1,4.956,-0.025
167,0,2,4.956,0.000
167,0,3,4.956,0.000
167,1,0,4.956,-0.025
167,1,1,4.956,0.000
167,1,2,4.956,-0.024
167,1,3,4.956,-0.001
167,2,0,4.956,0.000
167,2,1,4.956,-0.024
167,2,2,4.956,0.000
167,2,3,4.956,-0.025
167,3,0,4.956,0.000
167,3,1,4.956,-0.001
167,3,2,4.956,-0.025
167,3,3,4.956,0.000
168,0,0,5.017,0.000
168,0,1,5.017,-0.025
168,0,2,5.017,0.000
168,0,3,5.017,0.000
168,1,0,5.017,-0.025
168,1,1,5.017,0.000
168,1,2,5.017,-0.024
168,1,3,5.017,-0.001
168,2,0,5.017,0.000
168,2,1,5.017,-0.024
168,2,2,5.017,0.000
168,2,3,5.017,-0.025
168,3,0,5.017,0.000
168,3,1,5.017,-0.001
168,3,2,5.017,-0.025
168,3,3,5.017,0.000
169,0,0,5.078,0.000
169,0,1,5.078,-0.025
169,0,2,5.078,0.000
169,0,3,5.078,0.000
169,1,0,5.078,-0.025
169,1,1,5.078,0.000
169,1,2,5.078,-0.024
169,1,3,5.078,-0.001
169,2,0,5.078,0.000
169,2,1,5.078,-0.024
169,2,2,5.078,0.000
169,2,3,5.078,-0.025
169,3,0,5.078,0.000
169,3,1,5.078,-0.001
169,3,2,5.078,-0.025
169,3,3,5.078,0.000
170,0,0,5.185,0.000
170,0,1,5.185,-0.025
170,0,2,5.185,0.000
170,0,3,5.185,0.000
170,1,0,5.185,-0.025
170,1,1,5.185,0.000
170,1,2,5.185,-0.024
170,1,3,5.185,-0.001
170,2,0,5.185,0.000
170,2,1,5.185,-0.024
170,2,2,5.185,0.000
170,2,3,5.185,-0.025
170,3,0,5.185,0.000
170,3,1,5.185,-0.001
170,3,2,5.185,-0.025
170,3,3,5.185,0.000
171,0,0,5.292,0.000
171,0,1,5.292,-0.025
171,0,2,5.292,0.000
171,0,3,5.292,0.000
171,1,0,5.292,-0.025
171,1,1,5.292,0.000
171,1,2,5.292,-0.024
171,1,3,5.292,-0.001
171,2,0,5.292,0.000
171,2,1,5.292,-0.024
171,2,2,5.292,0.000
171,2,3,5.292,-0.025
171,3,0,5.292,0.000
171,3,1,5.292,-0.001
171,3,2,5.292,-0.025
171,3,3,5.292,0.000
172,0,0,5.353,0.000
172,0,1,5.353,-0.025
172,0,2,5.353,0.000
172,0,3,5.353,0.000
172,1,0,5.353,-0.025
172,1,1,5.353,0.000
172,1,2,5.353,-0.024
172,1,3,5.353,-0.001
172,2,0,5.353,0.000
172,2,1,5.353,-0.024
172,2,2,5.353,0.000
172,2,3,5.353,-0.025
172,3,0,5.353,0.000
172,3,1,5.353,-0.001
172,3,2,5.353,-0.025
172,3,3,5.353,0.000
173,0,0,5.414,0.000
173,0,1,5.414,-0.025
173,0,2,5.414,0.000
173,0,3,5.414,0.000
173,1,0,5.414,-0.025
173,1,1,5.414,0.000
173,1,2,5.414,-0.024
173,1,3,5.414,-0.001
173,2,0,5.414,0.000
173,2,1,5.414,-0.024
173,2,2,5.414,0.000
173,2,3,5.414,-0.025
173,3,0,5.414,0.000
173,3,1,5.414,-0.001
173,3,2,5.414,-0.025
173,3,3,5.414,0.000
174,0,0,5.521,0.000
174,0,1,5.521,-0.025
174,0,2,5.521,0.000
174,0,3,5.521,0.000
174,1,0,5.521,-0.025
174,1,1,5.521,0.000
174,1,2,5.521,-0.024
174,1,3,5.521,-0.001
174,2,0,5.521,0.000
174,2,1,5.521,-0.024
174,2,2,5.521,0.000
174,2,3,5.521,-0.025
174,3,0,5.521,0.000
174,3,1,5.521,-0.001
174,3,2,5.521,-0.025
174,3,3,5.521,0.000
175,0,0,5.628,0.000
175,0,1,5.628,-0.025
175,0,2,5.628,0.000
175,0,3,5.628,0.000
175,1,0,5.628,-0.025
175,1,1,5.628,0.000
175,1,2,5.628,-0.024
175,1,3,5.628,-0.001
175,2,0,5.628,0.000
175,2,1,5.628,-0.024
175,2,2,5.628,0.000
175,2,3,5.628,-0.025
175,3,0,5.628,0.000
175,3,1,5.628,-0.001
175,3,2,5.628,-0.025
175,3,3,5.628,0.000
176,0,0,5.689,0.000
176,0,1,5.689,-0.025
176,0,2,5.689,0.000
176,0,3,5.689,0.000
176,1,0,5.689,-0.025
176,1,1,5.689,0.000
176,1,2,5.689,-0.024
176,1,3,5.689,-0.001
176,2,0,5.689,0.000
176,2,1,5.689,-0.024
176,2,2,5.689,0.000
176,2,3,5.689,-0.025
176,3,0,5.689,0.000
176,3,1,5.689,-0.001
176,3,2,5.689,-0.025
176,3,3,5.689,0.000
177,0,0,5.750,0.000
177,0,1,5.750,-0.025
177,0,2,5.750,0.000
177,0,3,5.750,0.000
177,1,0,5.750,-0.025
177,1,1,5.750,0.000
177,1,2,5.750,-0.024
177,1,3,5.750,-0.001
177,2,0,5.750,0.000
177,2,1,5.750,-0.024
177,2,2,5.750,0.000
177,2,3,5.750,-0.025
177,3,0,5.750,0.000
177,3,1,5.750,-0.001
177,3,2,5.750,-0.025
177,3,3,5.750,0.000
178,0,0,5.857,0.000
178,0,1,5.857,-0.025
178,0,2,5.857,0.000
178,0,3,5.857,0.000
178,1,0,5.857,-0.025
178,1,1,5.857,0.000
178,1,2,5.857,-0.024
178,1,3,5.857,-0.001
178,2,0,5.857,0.000
178,2,1,5.857,-0.024
178,2,2,5.857,0.000
178,2,3,5.857,-0.025
178,3,0,5.857,0.000
178,3,1,5.857,-0.001
178,3,2,5.857,-0.025
178,3,3,5.857,0.000
179,0,0,5.964,0.000
179,0,1,5.964,-0.025
179,0,2,5.964,0.000
179,0,3,5.964,0.000
179,1,0,5.964,-0.025
179,1,1,5.964,0.000
179,1,2,5.964,-0.024
179,1,3,5.964,-0.001
179,2,0,5.964,0.000
179,2,1,5.964,-0.024
179,2,2,5.964,0.000
179,2,3,5.964,-0.025
179,3,0,5.964,0.000
179,3,1,5.964,-0.001
179,3,2,5.964,-0.025
179,3,3,5.964,0.000
180,0,0,6.025,0.000
180,0,1,6.025,-0.025
180,0,2,6.025,0.000
180,0,3,6.025,0.000
180,1,0,6.025,-0.025
180,1,1,6.025,0.000
180,1,2,6.025,-0.024
180,1,3,6.025,-0.001
180,2,0,6.025,0.000
180,2,1,6.025,-0.024
180,2,2,6.025,0.000
180,2,3,6.025,-0.025
180,3,0,6.025,0.000
180,3,1,6.025,-0.001
180,3,2,6.025,-0.025
180,3,3,6.025,0.000
181,0,0,6.085,0.000
181,0,1,6.085,-0.025
181,0,2,6.085,0.000
181,0,3,6.085,0.000
181,1,0,6.085,-0.025
181,1,1,6.085,0.000
181,1,2,6.085,-0.024
181,1,3,6.085,-0.001
181,2,0,6.085,0.000
181,2,1,6.085,-0.024
181,2,2,6.085,0.000
181,2,3,6.085,-0.025
181,3,0,6.085,0.000
181,3,1,6.085,-0.001
181,3,2,6.085,-0.025
181,3,3,6.085,0.000
182,0,0,6.193,0.000
182,0,1,6.193,-0.025
182,0,2,6.193,0.000
182,0,3,6.193,0.000
182,1,0,6.193,-0.025
182,1,1,6.193,0.000
182,1,2,6.193,-0.024
182,1,3,6.193,-0.001
182,2,0,6.193,0.000
182,2,1,6.193,-0.024
182,2,2,6.193,0.000
182,2,3,6.193,-0.025
182,3,0,6.193,0.000
182,3,1,6.193,-0.001
182,3,2,6.193,-0.025
182,3,3,6.193,0.000
183,0,0,6.299,0.000
183,0,1,6.299,-0.025
183,0,2,6.299,0.000
183,0,3,6.299,0.000
183,1,0,6.299,-0.025
183,1,1,6.299,0.000
183,1,2,6.299,-0.024
183,1,3,6.299,-0.001
183,2,0,6.299,0.000
183,2,1,6.299,-0.024
183,2,2,6.299,0.000
183,2,3,6.299,-0.025
183,3,0,6.299,0.000
183,3,1,6.299,-0.001
183,3,2,6.299,-0.025
183,3,3,6.299,0.000
184,0,0,6.360,0.000
184,0,1,6.360,-0.025
184,0,2,6.360,0.000
184,0,3,6.360,0.000
184,1,0,6.360,-0.025
184,1,1,6.360,0.000
184,1,2,6.360,-0.024
184,1,3,6.360,-0.001
184,2,0,6.360,0.000
184,2,1,6.360,-0.024
184,2,2,6.360,0.000
184,2,3,6.360,-0.025
184,3,0,6.360,0.000
184,3,1,6.360,-0.001
184,3,2,6.360,-0.025
184,3,3,6.360,0.000
185,0,0,6.421,0.000
185,0,1,6.421,-0.025
185,0,2,6.421,0.000
185,0,3,6.421,0.000
185,1,0,6.421,-0.025
185,1,1,6.421,0.000
185,1,2,6.421,-0.024
185,1,3,6.421,-0.001
185,2,0,6.421,0.000
185,2,1,6.421,-0.024
185,2,2,6.421,0.000
185,2,3,6.421,-0.025
185,3,0,6.421,0.000
185,3,1,6.421,-0.001
185,3,2,6.421,-0.025
185,3,3,6.421,0.000
186,0,0,6.528,0.000
186,0,1,6.528,-0.025
186,0,2,6.528,0.000
186,0,3,6.528,0.000
186,1,0,6.528,-0.025
186,1,1,6.528,0.000
186,1,2,6.528,-0.024
186,1,3,6.528,-0.001
186,2,0,6.528,0.000
186,2,1,6.528,-0.024
186,2,2,6.528,0.000
186,2,3,6.528,-0.025
186,3,0,6.528,0.000
186,3,1,6.528,-0.001
186,3,2,6.528,-0.025
186,3,3,6.528,0.000
187,0,0,6.635,0.000
187,0,1,6.635,-0.025
187,0,2,6.635,0.000
187,0,3,6.635,0.000
187,1,0,6.635,-0.025
187,1,1,6.635,0.000
187,1,2,6.635,-0.024
187,1,3,6.635,-0.001
187,2,0,6.635,0.000
187,2,1,6.635,-0.024
187,2,2,6.635,0.000
187,2,3,6.635,-0.025
187,3,0,6.635,0.000
187,3,1,6.635,-0.001
187,3,2,6.635,-0.025
187,3,3,6.635,0.000
188,0,0,6.695,0.000
188,0,1,6.695,-0.025
188,0,2,6.695,0.000
188,0,3,6.695,0.000
188,1,0,6.695,-0.025
188,1,1,6.695,0.000
188,1,2,6.695,-0.024
188,1,3,6.695,-0.001
188,2,0,6.695,0.000
188,2,1,6.695,-0.024
188,2,2,6.695,0.000
188,2,3,6.695,-0.025
188,3,0,6.695,0.000
188,3,1,6.695,-0.001
188,3,2,6.695,-0.025
188,3,3,6.695,0.000
189,0,0,6.756,0.000
189,0,1,6.756,-0.025
189,0,2,6.756,0.000
189,0,3,6.756,0.000
189,1,0,6.756,-0.025
189,1,1,6.756,0.000
189,1,2,6.756,-0.024
189,1,3,6.756,-0.001
189,2,0,6.756,0.000
189,2,1,6.756,-0.024
189,2,2,6.756,0.000
189,2,3,6.756,-0.025
189,3,0,6.756,0.000
189,3,1,6.756,-0.001
189,3,2,6.756,-0.025
189,3,3,6.756,0.000
190,0,0,6.863,0.000
190,0,1,6.863,-0.025
190,0,2,6.863,0.000
190,0,3,6.863,0.000
190,1,0,6.863,-0.025
190,1,1,6.863,0.000
190,1,2,6.863,-0.024
190,1,3,6.863,-0.001
190,2,0,6.863,0.000
190,2,1,6.863,-0.024
190,2,2,6.863,0.000
190,2,3,6.863,-0.025
190,3,0,6.863,0.000
190,3,1,6.863,-0.001
190,3,2,6.863,-0.025
190,3,3,6.863,0.000
191,0,0,6.969,0.000
191,0,1,6.969,-0.025
191,0,2,6.969,0.000
191,0,3,6.969,0.000
191,1,0,6.969,-0.025
191,1,1,6.969,0.000
191,1,2,6.969,-0.024
191,1,3,6.969,-0.001
191,2,0,6.969,0.000
191,2,1,6.969,-0.024
191,2,2,6.969,0.000
191,2,3,6.969,-0.025
191,3,0,6.969,0.000
191,3,1,6.969,-0.001
191,3,2,6.969,-0.025
191,3,3,6.969,0.000
192,0,0,7.030,0.000
192,0,1,7.030,-0.025
192,0,2,7.030,0.000
192,0,3,7.030,0.000
192,1,0,7.030,-0.025
192,1,1,7.030,0.000
192,1,2,7.030,-0.024
192,1,3,7.030,-0.001
192,2,0,7.030,0.000
192,2,1,7.030,-0.024
192,2,2,7.030,0.000
192,2,3,7.030,-0.025
192,3,0,7.030,0.000
192,3,1,7.030,-0.001
192,3,2,7.030,-0.025
192,3,3,7.030,0.000
193,0,0,7.091,0.000
193,0,1,7.091,-0.025
193,0,2,7.091,0.000
193,0,3,7.091,0.000
193,1,0,7.091,-0.025
193,1,1,7.091,0.000
193,1,2,7.091,-0.024
193,1,3,7.091,-0.001
193,2,0,7.091,0.000
193,2,1,7.091,-0.024
193,2,2,7.091,0.000
193,2,3,7.091,-0.025
193,3,0,7.091,0.000
193,3,1,7.091,-0.001
193,3,2,7.091,-0.025
193,3,3,7.091,0.000
194,0,0,7.198,0.000
194,0,1,7.198,-0.025
194,0,2,7.198,0.000
194,0,3,7.198,0.000
194,1,0,7.198,-0.025
194,1,1,7.198,0.000
194,1,2,7.198,-0.024
194,1,3,7.198,-0.001
194,2,0,7.198,0.000
194,2,1,7.198,-0.024
194,2,2,7.198,0.000
194,2,3,7.198,-0.025
194,3,0,7.198,0.000
194,3,1,7.198,-0.001
194,3,2,7.198,-0.025
194,3,3,7.198,0.000
195,0,0,7.305,0.000
195,0,1,7.305,-0.025
195,0,2,7.305,0.000
195,0,3,7.305,0.000
195,1,0,7.305,-0.025
195,1,1,7.305,0.000
195,1,2,7.305,-0.024
195,1,3,7.305,-0.001
195,2,0,7.305,0.000
195,2,1,7.305,-0.024
195,2,2,7.305,0.000
195,2,3,7.305,-0.025
195,3,0,7.305,0.000
195,3,1,7.305,-0.001
195,3,2,7.305,-0.025
195,3,3,7.305,0.000
196,0,0,7.366,0.000
196,0,1,7.366,-0.025
196,0,2,7.366,0.000
196,0,3,7.366,0.000
196,1,0,7.366,-0.025
196,1,1,7.366,0.000
196,1,2,7.366,-0.024
196,1,3,7.366,-0.001
196,2,0,7.366,0.000
196,2,1,7.366,-0.024
196,2,2,7.366,0.000
196,2,3,7.366,-0.025
196,3,0,7.366,0.000
196,3,1,7.366,-0.001
196,3,2,7.366,-0.025
196,3,3,7.366,0.000
197,0,0,7.426,0.000
197,0,1,7.426,-0.025
197,0,2,7.426,0.000
197,0,3,7.426,0.000
197,1,0,7.426,-0.025
197,1,1,7.426,0.000
197,1,2,7.426,-0.024
197,1,3,7.426,-0.001
197,2,0,7.426,0.000
197,2,1,7.426,-0.024
197,2,2,7.426,0.000
197,2,3,7.426,-0.025
197,3,0,7.426,0.000
197,3,1,7.426,-0.001
197,3,2,7.426,-0.025
197,3,3,7.426,0.000
198,0,0,7.533,0.000
198,0,1,7.533,-0.025
198,0,2,7.533,0.000
198,0,3,7.533,0.000
198,1,0,7.533,-0.025
198,1,1,7.533,0.000
198,1,2,7.533,-0.024
198,1,3,7.533,-0.001
198,2,0,7.533,0.000
198,2,1,7.533,-0.024
198,2,2,7.533,0.000
198,2,3,7.533,-0.025
198,3,0,7.533,0.000
198,3,1,7.533,-0.001
198,3,2,7.533,-0.025
198,3,3,7.533,0.000
199,0,0,7.640,0.000
199,0,1,7.640,-0.025
199,0,2,7.640,0.000
199,0,3,7.640,0.000
199,1,0,7.640,-0.025
199,1,1,7.640,0.000
199,1,2,7.640,-0.024
199,1,3,7.640,-0.001
199,2,0,7.640,0.000
199,2,1,7.640,-0.024
199,2,2,7.640,0.000
199,2,3,7.640,-0.025
199,3,0,7.640,0.000
199,3,1,7.640,-0.001
199,3,2,7.640,-0.025
199,3,3,7.640,0.000
200,0,0,7.701,0.000
200,0,1,7.701,-0.025
200,0,2,7.701,0.000
200,0,3,7.701,0.000
200,1,0,7.701,-0.025
200,1,1,7.701,0.000
200,1,2,7.701,-0.024
200,1,3,7.701,-0.001
200,2,0,7.701,0.000
200,2,1,7.701,-0.024
200,2,2,7.701,0.000
200,2,3,7.701,-0.025
200,3,0,7.701,0.000
200,3,1,7.701,-0.001
200,3,2,7.701,-0.025
200,3,3,7.701,0.000
201,0,0,7.762,0.000
201,0,1,7.762,-0.025
201,0,2,7.762,0.000
201,0,3,7.762,0.000
201,1,0,7.762,-0.025
201,1,1,7.762,0.000
201,1,2,7.762,-0.024
201,1,3,7.762,-0.001
201,2,0,7.762,0.000
201,2,1,7.762,-0.024
201,2,2,7.762,0.000
201,2,3,7.762,-0.025
201,3,0,7.762,0.000
201,3,1,7.762,-0.001
201,3,2,7.762,-0.025
201,3,3,7.762,0.000
202,0,0,7.869,0.000
202,0,1,7.869,-0.025
202,0,2,7.869,0.000
202,0,3,7.869,0.000
202,1,0,7.869,-0.025
202,1,1,7.869,0.000
202,1,2,7.869,-0.024
202,1,3,7.869,-0.001
202,2,0,7.869,0.000
202,2,1,7.869,-0.024
202,2,2,7.869,0.000
202,2,3,7.869,-0.025
202,3,0,7.869,0.000
202,3,1,7.869,-0.001
202,3,2,7.869,-0.025
202,3,3,7.869,0.000
203,0,0,7.975,0.000
203,0,1,7.975,-0.025
203,0,2,7.975,0.000
203,0,3,7.975,0.000
203,1,0,7.975,-0.025
203,1,1,7.975,0.000
203,1,2,7.975,-0.024
203,1,3,7.975,-0.001
203,2,0,7.975,0.000
203,2,1,7.975,-0.024
203,2,2,7.975,0.000
203,2,3,7.975,-0.025
203,3,0,7.975,0.000
203,3,1,7.975,-0.001
203,3,2,7.975,-0.025
203,3,3,7.975,0.000
204,0,0,8.036,0.000
204,0,1,8.036,-0.025
204,0,2,8.036,0.000
204,0,3,8.036,0.000
204,1,0,8.036,-0.025
204,1,1,8.036,0.000
204,1,2,8.036,-0.024
204,1,3,8.036,-0.001
204,2,0,8.036,0.000
204,2,1,8.036,-0.024
204,2,2,8.036,0.000
204,2,3,8.036,-0.025
204,3,0,8.036,0.000
204,3,1,8.036,-0.001
204,3,2,8.036,-0.025
204,3,3,8.036,0.000
205,0,0,8.097,0.000
205,0,1,8.097,-0.025
205,0,2,8.097,0.000
205,0,3,8.097,0.000
205,1,0,8.097,-0.025
205,1,1,8.097,0.000
205,1,2,8.097,-0.024
205,1,3,8.097,-0.001
205,2,0,8.097,0.000
205,2,1,8.097,-0.024
205,2,2,8.097,0.000
205,2,3,8.097,-0.025
205,3,0,8.097,0.000
205,3,1,8.097,-0.001
205,3,2,8.097,-0.025
205,3,3,8.097,0.000
206,0,0,8.204,0.000
206,0,1,8.204,-0.025
206,0,2,8.204,0.000
206,0,3,8.204,0.000
206,1,0,8.204,-0.025
206,1,1,8.204,0.000
206,1,2,8.204,-0.024
206,1,3,8.204,-0.001
206,2,0,8.204,0.000
206,2,1,8.204,-0.024
206,2,2,8.204,0.000
206,2,3,8.204,-0.025
206,3,0,8.204,0.000
206,3,1,8.204,-0.001
206,3,2,8.204,-0.025
206,3,3,8.204,0.000
207,0,0,8.311,0.000
207,0,1,8.311,-0.025
207,0,2,8.311,0.000
207,0,3,8.311,0.000
207,1,0,8.311,-0.025
207,1,1,8.311,0.000
207,1,2,8.311,-0.024
207,1,3,8.311,-0.001
207,2,0,8.311,0.000
207,2,1,8.311,-0.024
207,2,2,8.311,0.000
207,2,3,8.311,-0.025
207,3,0,8.311,0.000
207,3,1,8.311,-0.001
207,3,2,8.311,-0.025
207,3,3,8.311,0.000
208,0,0,8.372,0.000
208,0,1,8.372,-0.025
208,0,2,8.372,0.000
208,0,3,8.372,0.000
208,1,0,8.372,-0.025
208,1,1,8.372,0.000
208,1,2,8.372,-0.024
208,1,3,8.372,-0.001
208,2,0,8.372,0.000
208,2,1,8.372,-0.024
208,2,2,8.372,0.000
208,2,3,8.372,-0.025
208,3,0,8.372,0.000
208,3,1,8.372,-0.001
208,3,2,8.372,-0.025
208,3,3,8.372,0.000
209,0,0,8.432,0.000
209,0,1,8.432,-0.025
209,0,2,8.432,0.000
209,0,3,8.432,0.000
209,1,0,8.432,-0.025
209,1,1,8.432,0.000
209,1,2,8.432,-0.024
209,1,3,8.432,-0.001
209,2,0,8.432,0.000
209,2,1,8.432,-0.024
209,2,2,8.432,0.000
209,2,3,8.432,-0.025
209,3,0,8.432,0.000
209,3,1,8.432,-0.001
209,3,2,8.432,-0.025
209,3,3,8.432,0.000
210,0,0,8.539,0.000
210,0,1,8.539,-0.025
210,0,2,8.539,0.000
210,0,3,8.539,0.000
210,1,0,8.539,-0.025
210,1,1,8.539,0.000
210,1,2,8.539,-0.024
210,1,3,8.539,-0.001
210,2,0,8.539,0.000
210,2,1,8.539,-0.024
210,2,2,8.539,0.000
210,2,3,8.539,-0.025
210,3,0,8.539,0.000
210,3,1,8.539,-0.001
210,3,2,8.539,-0.025
210,3,3,8.539,0.000
211,0,0,8.646,0.000
211,0,1,8.646,-0.025
211,0,2,8.646,0.000
211,0,3,8.646,0.000
211,1,0,8.646,-0.025
211,1,1,8.646,0.000
211,1,2,8.646,-0.024
211,1,3,8.646,-0.001
211,2,0,8.646,0.000
211,2,1,8.646,-0.024
211,2,2,8.646,0.000
211,2,3,8.646,-0.025
211,3,0,8.646,0.000
211,3,1,8.646,-0.001
211,3,2,8.646,-0.025
211,3,3,8.646,0.000
212,0,0,8.707,0.000
212,0,1,8.707,-0.025
212,0,2,8.707,0.000
212,0,3,8.707,0.000
212,1,0,8.707,-0.025
212,1,1,8.707,0.000
212,1,2,8.707,-0.024
212,1,3,8.707,-0.001
212,2,0,8.707,0.000
212,2,1,8.707,-0.024
212,2,2,8.707,0.000
212,2,3,8.707,-0.025
212,3,0,8.707,0.000
212,3,1,8.707,-0.001
212,3,2,8.707,-0.025
212,3,3,8.707,0.000
213,0,0,8.768,0.000
213,0,1,8.768,-0.025
213,0,2,8.768,0.000
213,0,3,8.768,0.000
213,1,0,8.768,-0.025
213,1,1,8.768,0.000
213,1,2,8.768,-0.024
213,1,3,8.768,-0.001
213,2,0,8.768,0.000
213,2,1,8.768,-0.024
213,2,2,8.768,0.000
213,2,3,8.768,-0.025
213,3,0,8.768,0.000
213,3,1,8.768,-0.001
213,3,2,8.768,-0.025
213,3,3,8.768,0.000
214,0,0,8.874,0.000
214,0,1,8.874,-0.025
214,0,2,8.874,0.000
214,0,3,8.874,0.000
214,1,0,8.874,-0.025
214,1,1,8.874,0.000
214,1,2,8.874,-0.024
214,1,3,8.874,-0.001
214,2,0,8.874,0.000
214,2,1,8.874,-0.024
214,2,2,8.874,0.000
214,2,3,8.874,-0.025
214,3,0,8.874,0.000
214,3,1,8.874,-0.001
214,3,2,8.874,-0.025
214,3,3,8.874,0.000
215,0,0,8.981,0.000
215,0,1,8.981,-0.025
215,0,2,8.981,0.000
215,0,3,8.981,0.000
215,1,0,8.981,-0.025
215,1,1,8.981,0.000
215,1,2,8.981,-0.024
215,1,3,8.981,-0.001
215,2,0,8.981,0.000
215,2,1,8.981,-0.024
215,2,2,8.981,0.000
215,2,3,8.981,-0.025
215,3,0,8.981,0.000
215,3,1,8.981,-0.001
215,3,2,8.981,-0.025
215,3,3,8.981,0.000
216,0,0,9.042,0.000
216,0,1,9.042,-0.025
216,0,2,9.042,0.000
216,0,3,9.042,0.000
216,1,0,9.042,-0.025
216,1,1,9.042,0.000
216,1,2,9.042,-0.024
216,1,3,9.042,-0.001
216,2,0,9.042,0.000
216,2,1,9.042,-0.024
216,2,2,9.042,0.000
216,2,3,9.042,-0.025
216,3,0,9.042,0.000
216,3,1,9.042,-0.001
216,3,2,9.042,-0.025
216,3,3,9.042,0.000
217,0,0,9.103,0.000
217,0,1,9.103,-0.025
217,0,2,9.103,0.000
217,0,3,9.103,0.000
217,1,0,9.103,-0.025
217,1,1,9.103,0.000
217,1,2,9.103,-0.024
217,1,3,9.103,-0.001
217,2,0,9.103,0.000
217,2,1,9.103,-0.024
217,2,2,9.103,0.000
217,2,3,9.103,-0.025
217,3,0,9.103,0.000
217,3,1,9.103,-0.001
217,3,2,9.103,-0.025
217,3,3,9.103,0.000
218,0,0,9.210,0.000
218,0,1,9.210,-0.025
218,0,2,9.210,0.000
218,0,3,9.210,0.000
218,1,0,9.210,-0.025
218,1,1,9.210,0.000
218,1,2,9.210,-0.024
218,1,3,9.210,-0.001
218,2,0,9.210,0.000
218,2,1,9.210,-0.024
218,2,2,9.210,0.000
218,2,3,9.210,-0.025
218,3,0,9.210,0.000
218,3,1,9.210,-0.001
218,3,2,9.210,-0.025
218,3,3,9.210,0.000
219,0,0,9.317,0.000
219,0,1,9.317,-0.025
219,0,2,9.317,0.000
219,0,3,9.317,0.000
219,1,0,9.317,-0.025
219,1,1,9.317,0.000
219,1,2,9.317,-0.024
219,1,3,9.317,-0.001
219,2,0,9.317,0.000
219,2,1,9.317,-0.024
219,2,2,9.317,0.000
219,2,3,9.317,-0.025
219,3,0,9.317,0.000
219,3,1,9.317,-0.001
219,3,2,9.317,-0.025
219,3,3,9.317,0.000
220,0,0,9.377,0.000
220,0,1,9.377,-0.025
220,0,2,9.377,0.000
220,0,3,9.377,0.000
220,1,0,9.377,-0.025
220,1,1,9.377,0.000
220,1,2,9.377,-0.024
220,1,3,9.377,-0.001
220,2,0,9.377,0.000
220,2,1,9.377,-0.024
220,2,2,9.377,0.000
220,2,3,9.377,-0.025
220,3,0,9.377,0.000
220,3,1,9.377,-0.001
220,3,2,9.377,-0.025
220,3,3,9.377,0.000
221,0,0,9.438,0.000
221,0,1,9.438,-0.025
221,0,2,9.438,0.000
221,0,3,9.438,0.000
221,1,0,9.438,-0.025
221,1,1,9.438,0.000
221,1,2,9.438,-0.024
221,1,3,9.438,-0.001
221,2,0,9.438,0.000
221,2,1,9.438,-0.024
221,2,2,9.438,0.000
221,2,3,9.438,-0.025
221,3,0,9.438,0.000
221,3,1,9.438,-0.001
221,3,2,9.438,-0.025
221,3,3,9.438,0.000
222,0,0,9.545,0.000
222,0,1,9.545,-0.025
222,0,2,9.545,0.000
222,0,3,9.545,0.000
222,1,0,9.545,-0.025
222,1,1,9.545,0.000
222,1,2,9.545,-0.024
222,1,3,9.545,-0.001
222,2,0,9.545,0.000
222,2,1,9.545,-0.024
222,2,2,9.545,0.000
222,2,3,9.545,-0.025
222,3,0,9.545,0.000
222,3,1,9.545,-0.001
222,3,2,9.545,-0.025
222,3,3,9.545,0.000
223,0,0,9.652,0.000
223,0,1,9.652,-0.025
223,0,2,9.652,0.000
223,0,3,9.652,0.000
223,1,0,9.652,-0.025
223,1,1,9.652,0.000
223,1,2,9.652,-0.024
223,1,3,9.652,-0.001
223,2,0,9.652,0.000
223,2,1,9.652,-0.024
223,2,2,9.652,0.000
223,2,3,9.652,-0.025
223,3,0,9.652,0.000
223,3,1,9.652,-0.001
223,3,2,9.652,-0.025
223,3,3,9.652,0.000
224,0,0,9.713,0.000
224,0,1,9.713,-0.025
224,0,2,9.713,0.000
224,0,3,9.713,0.000
224,1,0,9.713,-0.025
224,1,1,9.713,0.000
224,1,2,9.713,-0.024
224,1,3,9.713,-0.001
224,2,0,9.713,0.000
224,2,1,9.713,-0.024
224,2,2,9.713,0.000
224,2,3,9.713,-0.025
224,3,0,9.713,0.000
224,3,1,9.713,-0.001
224,3,2,9.713,-0.025
224,3,3,9.713,0.000
225,0,0,9.774,0.000
225,0,1,9.774,-0.025
225,0,2,9.774,0.000
225,0,3,9.774,0.000
225,1,0,9.774,-0.025
225,1,1,9.774,0.000
225,1,2,9.774,-0.024
225,1,3,9.774,-0.001
225,2,0,9.774,0.000
225,2,1,9.774,-0.024
225,2,2,9.774,0.000
225,2,3,9.774,-0.025
225,3,0,9.774,0.000
225,3,1,9.774,-0.001
225,3,2,9.774,-0.025
225,3,3,9.774,0.000
226,0,0,9.881,0.000
226,0,1,9.881,-0.025
226,0,2,9.881,0.000
226,0,3,9.881,0.000
226,1,0,9.881,-0.025
226,1,1,9.881,0.000
226,1,2,9.881,-0.024
226,1,3,9.881,-0.001
226,2,0,9.881,0.000
226,2,1,9.881,-0.024
226,2,2,9.881,0.000
226,2,3,9.881,-0.025
226,3,0,9.881,0.000
226,3,1,9.881,-0.001
226,3,2,9.881,-0.025
226,3,3,9.881,0.000
227,0,0,10.000,0.000
227,0,1,10.000,-0.025
227,0,2,10.000,0.000
227,0,3,10.000,0.000
227,1,0,10.000,-0.025
227,1,1,10.000,0.000
227,1,2,10.000,-0.024
227,1,3,10.000,-0.001
227,2,0,10.000,0.000
227,2,1,10.000,-0.024
227,2,2,10.000,0.000
227,2,3,10.000,-0.025
227,3,0,10.000,0.000
227,3,1,10.000,-0.001
227,3,2,10.000,-0.025
227,3,3,10.000,0.000
