151,4,time,val
0,0,0,0.000,2.063
0,0,1,0.000,1.000
0,0,2,0.000,0.000
0,0,3,0.000,0.000
0,1,0,0.000,1.000
0,1,1,0.000,-2.344
0,1,2,0.000,1.000
0,1,3,0.000,0.000
0,2,0,0.000,0.000
0,2,1,0.000,1.000
0,2,2,0.000,-0.447
0,2,3,0.000,1.000
0,3,0,0.000,0.000
0,3,1,0.000,0.000
0,3,2,0.000,1.000
0,3,3,0.000,3.254
1,0,0,0.000,2.064
1,0,1,0.000,0.998
1,0,2,0.000,0.000
1,0,3,0.000,0.000
1,1,0,0.000,0.998
1,1,1,0.000,-2.346
1,1,2,0.000,1.000
1,1,3,0.000,0.000
1,2,0,0.000,0.000
1,2,1,0.000,1.000
1,2,2,0.000,-0.447
1,2,3,0.000,0.999
1,3,0,0.000,0.000
1,3,1,0.000,0.000
1,3,2,0.000,0.999
1,3,3,0.000,3.255
2,0,0,0.000,2.066
2,0,1,0.000,0.994
2,0,2,0.000,0.001
2,0,3,0.000,0.000
2,1,0,0.000,0.994
2,1,1,0.000,-2.348
2,1,2,0.000,0.999
2,1,3,0.000,0.000
2,2,0,0.000,0.001
2,2,1,0.000,0.999
2,2,2,0.000,-0.448
2,2,3,0.000,0.996
2,3,0,0.000,0.000
2,3,1,0.000,0.000
2,3,2,0.000,0.996
2,3,3,0.000,3.256
3,0,0,0.001,2.069
3,0,1,0.001,0.986
3,0,2,0.001,0.004
3,0,3,0.001,0.000
3,1,0,0.001,0.986
3,1,1,0.001,-2.353
3,1,2,0.001,0.997
3,1,3,0.001,0.000
3,2,0,0.001,0.004
3,2,1,0.001,0.997
3,2,2,0.001,-0.449
3,2,3,0.001,0.990
3,3,0,0.001,0.000
3,3,1,0.001,0.000
3,3,2,0.001,0.990
3,3,3,0.001,3.259
4,0,0,0.001,2.075
4,0,1,0.001,0.974
4,0,2,0.001,0.008
4,0,3,0.001,0.000
4,1,0,0.001,0.974
4,1,1,0.001,-2.361
4,1,2,0.001,0.995
4,1,3,0.001,0.001
4,2,0,0.001,0.008
4,2,1,0.001,0.995
4,2,2,0.001,-0.451
4,2,3,0.001,0.982
4,3,0,0.001,0.000
4,3,1,0.001,0.001
4,3,2,0.001,0.982
4,3,3,0.001,3.264
5,0,0,0.002,2.080
5,0,1,0.002,0.961
5,0,2,0.002,0.012
5,0,3,0.002,0.000
5,1,0,0.002,0.961
5,1,1,0.002,-2.369
5,1,2,0.002,0.993
5,1,3,0.002,0.002
5,2,0,0.002,0.012
5,2,1,0.002,0.993
5,2,2,0.002,-0.453
5,2,3,0.002,0.973
5,3,0,0.002,0.000
5,3,1,0.002,0.002
5,3,2,0.002,0.973
5,3,3,0.002,3.269
6,0,0,0.003,2.086
6,0,1,0.003,0.949
6,0,2,0.003,0.016
6,0,3,0.003,0.000
6,1,0,0.003,0.949
6,1,1,0.003,-2.377
6,1,2,0.003,0.990
6,1,3,0.003,0.003
6,2,0,0.003,0.016
6,2,1,0.003,0.990
6,2,2,0.003,-0.456
6,2,3,0.003,0.964
6,3,0,0.003,0.000
6,3,1,0.003,0.003
6,3,2,0.003,0.964
6,3,3,0.003,3.273
7,0,0,0.003,2.091
7,0,1,0.003,0.936
7,0,2,0.003,0.020
7,0,3,0.003,0.000
7,1,0,0.003,0.936
7,1,1,0.003,-2.385
7,1,2,0.003,0.988
7,1,3,0.003,0.004
7,2,0,0.003,0.020
7,2,1,0.003,0.988
7,2,2,0.003,-0.458
7,2,3,0.003,0.955
7,3,0,0.003,0.000
7,3,1,0.003,0.004
7,3,2,0.003,0.955
7,3,3,0.003,3.278
8,0,0,0.004,2.096
8,0,1,0.004,0.923
8,0,2,0.004,0.024
8,0,3,0.004,0.000
8,1,0,0.004,0.923
8,1,1,0.004,-2.393
8,1,2,0.004,0.985
8,1,3,0.004,0.006
8,2,0,0.004,0.024
8,2,1,0.004,0.985
8,2,2,0.004,-0.460
8,2,3,0.004,0.946
8,3,0,0.004,0.000
8,3,1,0.004,0.006
8,3,2,0.004,0.946
8,3,3,0.004,3.283
9,0,0,0.005,2.102
9,0,1,0.005,0.911
9,0,2,0.005,0.027
9,0,3,0.005,0.000
9,1,0,0.005,0.911
9,1,1,0.005,-2.400
9,1,2,0.005,0.982
9,1,3,0.005,0.007
9,2,0,0.005,0.027
9,2,1,0.005,0.982
9,2,2,0.005,-0.462
9,2,3,0.005,0.937
9,3,0,0.005,0.000
9,3,1,0.005,0.007
9,3,2,0.005,0.937
9,3,3,0.005,3.287
10,0,0,0.005,2.107
10,0,1,0.005,0.898
10,0,2,0.005,0.031
10,0,3,0.005,0.000
10,1,0,0.005,0.898
10,1,1,0.005,-2.408
10,1,2,0.005,0.980
10,1,3,0.005,0.008
10,2,0,0.005,0.031
10,2,1,0.005,0.980
10,2,2,0.005,-0.464
10,2,3,0.005,0.928
10,3,0,0.005,0.000
10,3,1,0.005,0.008
10,3,2,0.005,0.928
10,3,3,0.005,3.291
11,0,0,0.006,2.112
11,0,1,0.006,0.886
11,0,2,0.006,0.035
11,0,3,0.006,0.000
11,1,0,0.006,0.886
11,1,1,0.006,-2.415
11,1,2,0.006,0.977
11,1,3,0.006,0.009
11,2,0,0.006,0.035
11,2,1,0.006,0.977
11,2,2,0.006,-0.466
11,2,3,0.006,0.919
11,3,0,0.006,0.000
11,3,1,0.006,0.009
11,3,2,0.006,0.919
11,3,3,0.006,3.296
12,0,0,0.007,2.116
12,0,1,0.007,0.873
12,0,2,0.007,0.039
12,0,3,0.007,0.000
12,1,0,0.007,0.873
12,1,1,0.007,-2.423
12,1,2,0.007,0.974
12,1,3,0.007,0.009
12,2,0,0.007,0.039
12,2,1,0.007,0.974
12,2,2,0.007,-0.467
12,2,3,0.007,0.910
12,3,0,0.007,0.000
12,3,1,0.007,0.009
12,3,2,0.007,0.910
12,3,3,0.007,3.300
13,0,0,0.007,2.121
13,0,1,0.007,0.861
13,0,2,0.007,0.042
13,0,3,0.007,0.000
13,1,0,0.007,0.861
13,1,1,0.007,-2.430
13,1,2,0.007,0.971
13,1,3,0.007,0.010
13,2,0,0.007,0.042
13,2,1,0.007,0.971
13,2,2,0.007,-0.469
13,2,3,0.007,0.901
13,3,0,0.007,0.000
13,3,1,0.007,0.010
13,3,2,0.007,0.901
13,3,3,0.007,3.305
14,0,0,0.008,2.126
14,0,1,0.008,0.848
14,0,2,0.008,0.046
14,0,3,0.008,0.000
14,1,0,0.008,0.848
14,1,1,0.008,-2.438
14,1,2,0.008,0.968
14,1,3,0.008,0.011
14,2,0,0.008,0.046
14,2,1,0.008,0.968
14,2,2,0.008,-0.471
14,2,3,0.008,0.892
14,3,0,0.008,0.000
14,3,1,0.008,0.011
14,3,2,0.008,0.892
14,3,3,0.008,3.309
15,0,0,0.009,2.131
15,0,1,0.009,0.835
15,0,2,0.009,0.049
15,0,3,0.009,0.000
15,1,0,0.009,0.835
15,1,1,0.009,-2.445
15,1,2,0.009,0.966
15,1,3,0.009,0.012
15,2,0,0.009,0.049
15,2,1,0.009,0.966
15,2,2,0.009,-0.472
15,2,3,0.009,0.883
15,3,0,0.009,0.000
15,3,1,0.009,0.012
15,3,2,0.009,0.883
15,3,3,0.009,3.313
16,0,0,0.010,2.135
16,0,1,0.010,0.823
16,0,2,0.010,0.053
16,0,3,0.010,0.000
16,1,0,0.010,0.823
16,1,1,0.010,-2.452
16,1,2,0.010,0.963
16,1,3,0.010,0.013
16,2,0,0.010,0.053
16,2,1,0.010,0.963
16,2,2,0.010,-0.474
16,2,3,0.010,0.874
16,3,0,0.010,0.000
16,3,1,0.010,0.013
16,3,2,0.010,0.874
16,3,3,0.010,3.317
17,0,0,0.010,2.140
17,0,1,0.010,0.810
17,0,2,0.010,0.056
17,0,3,0.010,0.000
17,1,0,0.010,0.810
17,1,1,0.010,-2.459
17,1,2,0.010,0.960
17,1,3,0.010,0.014
17,2,0,0.010,0.056
17,2,1,0.010,0.960
17,2,2,0.010,-0.476
17,2,3,0.010,0.865
17,3,0,0.010,0.000
17,3,1,0.010,0.014
17,3,2,0.010,0.865
17,3,3,0.010,3.322
18,0,0,0.011,2.144
18,0,1,0.011,0.798
18,0,2,0.011,0.060
18,0,3,0.011,0.000
18,1,0,0.011,0.798
18,1,1,0.011,-2.466
18,1,2,0.011,0.956
18,1,3,0.011,0.014
18,2,0,0.011,0.060
18,2,1,0.011,0.956
18,2,2,0.011,-0.477
18,2,3,0.011,0.856
18,3,0,0.011,0.000
18,3,1,0.011,0.014
18,3,2,0.011,0.856
18,3,3,0.011,3.326
19,0,0,0.012,2.148
19,0,1,0.012,0.785
19,0,2,0.012,0.063
19,0,3,0.012,0.000
19,1,0,0.012,0.785
19,1,1,0.012,-2.473
19,1,2,0.012,0.953
19,1,3,0.012,0.015
19,2,0,0.012,0.063
19,2,1,0.012,0.953
19,2,2,0.012,-0.478
19,2,3,0.012,0.847
19,3,0,0.012,0.000
19,3,1,0.012,0.015
19,3,2,0.012,0.847
19,3,3,0.012,3.330
20,0,0,0.013,2.153
20,0,1,0.013,0.773
20,0,2,0.013,0.067
20,0,3,0.013,0.000
20,1,0,0.013,0.773
20,1,1,0.013,-2.480
20,1,2,0.013,0.950
20,1,3,0.013,0.016
20,2,0,0.013,0.067
20,2,1,0.013,0.950
20,2,2,0.013,-0.480
20,2,3,0.013,0.838
20,3,0,0.013,0.000
20,3,1,0.013,0.016
20,3,2,0.013,0.838
20,3,3,0.013,3.334
21,0,0,0.013,2.157
21,0,1,0.013,0.760
21,0,2,0.013,0.070
21,0,3,0.013,0.000
21,1,0,0.013,0.760
21,1,1,0.013,-2.487
21,1,2,0.013,0.947
21,1,3,0.013,0.017
21,2,0,0.013,0.070
21,2,1,0.013,0.947
21,2,2,0.013,-0.481
21,2,3,0.013,0.829
21,3,0,0.013,0.000
21,3,1,0.013,0.017
21,3,2,0.013,0.829
21,3,3,0.013,3.338
22,0,0,0.014,2.161
22,0,1,0.014,0.748
22,0,2,0.014,0.073
22,0,3,0.014,0.000
22,1,0,0.014,0.748
22,1,1,0.014,-2.494
22,1,2,0.014,0.944
22,1,3,0.014,0.017
22,2,0,0.014,0.073
22,2,1,0.014,0.944
22,2,2,0.014,-0.482
22,2,3,0.014,0.820
22,3,0,0.014,0.000
22,3,1,0.014,0.017
22,3,2,0.014,0.820
22,3,3,0.014,3.342
23,0,0,0.015,2.165
23,0,1,0.015,0.736
23,0,2,0.015,0.076
23,0,3,0.015,0.000
23,1,0,0.015,0.736
23,1,1,0.015,-2.500
23,1,2,0.015,0.940
23,1,3,0.015,0.018
23,2,0,0.015,0.076
23,2,1,0.015,0.940
23,2,2,0.015,-0.484
23,2,3,0.015,0.811
23,3,0,0.015,0.000
23,3,1,0.015,0.018
23,3,2,0.015,0.811
23,3,3,0.015,3.346
24,0,0,0.016,2.169
24,0,1,0.016,0.723
24,0,2,0.016,0.080
24,0,3,0.016,0.000
24,1,0,0.016,0.723
24,1,1,0.016,-2.507
24,1,2,0.016,0.937
24,1,3,0.016,0.018
24,2,0,0.016,0.080
24,2,1,0.016,0.937
24,2,2,0.016,-0.485
24,2,3,0.016,0.802
24,3,0,0.016,0.000
24,3,1,0.016,0.018
24,3,2,0.016,0.802
24,3,3,0.016,3.350
25,0,0,0.016,2.173
25,0,1,0.016,0.711
25,0,2,0.016,0.083
25,0,3,0.016,0.000
25,1,0,0.016,0.711
25,1,1,0.016,-2.514
25,1,2,0.016,0.933
25,1,3,0.016,0.019
25,2,0,0.016,0.083
25,2,1,0.016,0.933
25,2,2,0.016,-0.486
25,2,3,0.016,0.792
25,3,0,0.016,0.000
25,3,1,0.016,0.019
25,3,2,0.016,0.792
25,3,3,0.016,3.353
26,0,0,0.017,2.176
26,0,1,0.017,0.698
26,0,2,0.017,0.086
26,0,3,0.017,0.000
26,1,0,0.017,0.698
26,1,1,0.017,-2.520
26,1,2,0.017,0.930
26,1,3,0.017,0.020
26,2,0,0.017,0.086
26,2,1,0.017,0.930
26,2,2,0.017,-0.487
26,2,3,0.017,0.783
26,3,0,0.017,0.000
26,3,1,0.017,0.020
26,3,2,0.017,0.783
26,3,3,0.017,3.357
27,0,0,0.018,2.180
27,0,1,0.018,0.686
27,0,2,0.018,0.089
27,0,3,0.018,0.000
27,1,0,0.018,0.686
27,1,1,0.018,-2.527
27,1,2,0.018,0.926
27,1,3,0.018,0.020
27,2,0,0.018,0.089
27,2,1,0.018,0.926
27,2,2,0.018,-0.488
27,2,3,0.018,0.774
27,3,0,0.018,0.000
27,3,1,0.018,0.020
27,3,2,0.018,0.774
27,3,3,0.018,3.361
28,0,0,0.019,2.184
28,0,1,0.019,0.674
28,0,2,0.019,0.092
28,0,3,0.019,0.000
28,1,0,0.019,0.674
28,1,1,0.019,-2.533
28,1,2,0.019,0.923
28,1,3,0.019,0.021
28,2,0,0.019,0.092
28,2,1,0.019,0.923
28,2,2,0.019,-0.489
28,2,3,0.019,0.765
28,3,0,0.019,0.000
28,3,1,0.019,0.021
28,3,2,0.019,0.765
28,3,3,0.019,3.365
29,0,0,0.020,2.187
29,0,1,0.020,0.662
29,0,2,0.020,0.095
29,0,3,0.020,0.000
29,1,0,0.020,0.662
29,1,1,0.020,-2.539
29,1,2,0.020,0.919
29,1,3,0.020,0.021
29,2,0,0.020,0.095
29,2,1,0.020,0.919
29,2,2,0.020,-0.490
29,2,3,0.020,0.756
29,3,0,0.020,0.000
29,3,1,0.020,0.021
29,3,2,0.020,0.756
29,3,3,0.020,3.368
30,0,0,0.020,2.191
30,0,1,0.020,0.649
30,0,2,0.020,0.097
30,0,3,0.020,0.000
30,1,0,0.020,0.649
30,1,1,0.020,-2.546
30,1,2,0.020,0.915
30,1,3,0.020,0.022
30,2,0,0.020,0.097
30,2,1,0.020,0.915
30,2,2,0.020,-0.490
30,2,3,0.020,0.746
30,3,0,0.020,0.000
30,3,1,0.020,0.022
30,3,2,0.020,0.746
30,3,3,0.020,3.372
31,0,0,0.021,2.194
31,0,1,0.021,0.637
31,0,2,0.021,0.100
31,0,3,0.021,0.000
31,1,0,0.021,0.637
31,1,1,0.021,-2.552
31,1,2,0.021,0.911
31,1,3,0.021,0.022
31,2,0,0.021,0.100
31,2,1,0.021,0.911
31,2,2,0.021,-0.491
31,2,3,0.021,0.737
31,3,0,0.021,0.000
31,3,1,0.021,0.022
31,3,2,0.021,0.737
31,3,3,0.021,3.376
32,0,0,0.022,2.197
32,0,1,0.022,0.625
32,0,2,0.022,0.103
32,0,3,0.022,0.000
32,1,0,0.022,0.625
32,1,1,0.022,-2.558
32,1,2,0.022,0.908
32,1,3,0.022,0.022
32,2,0,0.022,0.103
32,2,1,0.022,0.908
32,2,2,0.022,-0.492
32,2,3,0.022,0.728
32,3,0,0.022,0.000
32,3,1,0.022,0.022
32,3,2,0.022,0.728
32,3,3,0.022,3.379
33,0,0,0.023,2.200
33,0,1,0.023,0.613
33,0,2,0.023,0.106
33,0,3,0.023,0.000
33,1,0,0.023,0.613
33,1,1,0.023,-2.564
33,1,2,0.023,0.904
33,1,3,0.023,0.023
33,2,0,0.023,0.106
33,2,1,0.023,0.904
33,2,2,0.023,-0.493
33,2,3,0.023,0.719
33,3,0,0.023,0.000
33,3,1,0.023,0.023
33,3,2,0.023,0.719
33,3,3,0.023,3.383
34,0,0,0.024,2.204
34,0,1,0.024,0.601
34,0,2,0.024,0.108
34,0,3,0.024,0.000
34,1,0,0.024,0.601
34,1,1,0.024,-2.570
34,1,2,0.024,0.900
34,1,3,0.024,0.023
34,2,0,0.024,0.108
34,2,1,0.024,0.900
34,2,2,0.024,-0.493
34,2,3,0.024,0.709
34,3,0,0.024,0.000
34,3,1,0.024,0.023
34,3,2,0.024,0.709
34,3,3,0.024,3.386
35,0,0,0.025,2.207
35,0,1,0.025,0.589
35,0,2,0.025,0.111
35,0,3,0.025,0.000
35,1,0,0.025,0.589
35,1,1,0.025,-2.576
35,1,2,0.025,0.896
35,1,3,0.025,0.023
35,2,0,0.025,0.111
35,2,1,0.025,0.896
35,2,2,0.025,-0.494
35,2,3,0.025,0.700
35,3,0,0.025,0.000
35,3,1,0.025,0.023
35,3,2,0.025,0.700
35,3,3,0.025,3.390
36,0,0,0.026,2.210
36,0,1,0.026,0.577
36,0,2,0.026,0.113
36,0,3,0.026,0.000
36,1,0,0.026,0.577
36,1,1,0.026,-2.582
36,1,2,0.026,0.892
36,1,3,0.026,0.024
36,2,0,0.026,0.113
36,2,1,0.026,0.892
36,2,2,0.026,-0.494
36,2,3,0.026,0.691
36,3,0,0.026,0.000
36,3,1,0.026,0.024
36,3,2,0.026,0.691
36,3,3,0.026,3.393
37,0,0,0.027,2.213
37,0,1,0.027,0.565
37,0,2,0.027,0.116
37,0,3,0.027,0.000
37,1,0,0.027,0.565
37,1,1,0.027,-2.588
37,1,2,0.027,0.888
37,1,3,0.027,0.024
37,2,0,0.027,0.116
37,2,1,0.027,0.888
37,2,2,0.027,-0.494
37,2,3,0.027,0.681
37,3,0,0.027,0.000
37,3,1,0.027,0.024
37,3,2,0.027,0.681
37,3,3,0.027,3.396
38,0,0,0.027,2.215
38,0,1,0.027,0.553
38,0,2,0.027,0.118
38,0,3,0.027,0.000
38,1,0,0.027,0.553
38,1,1,0.027,-2.594
38,1,2,0.027,0.883
38,1,3,0.027,0.024
38,2,0,0.027,0.118
38,2,1,0.027,0.883
38,2,2,0.027,-0.495
38,2,3,0.027,0.672
38,3,0,0.027,0.000
38,3,1,0.027,0.024
38,3,2,0.027,0.672
38,3,3,0.027,3.400
39,0,0,0.028,2.218
39,0,1,0.028,0.541
39,0,2,0.028,0.120
39,0,3,0.028,0.000
39,1,0,0.028,0.541
39,1,1,0.028,-2.599
39,1,2,0.028,0.879
39,1,3,0.028,0.024
39,2,0,0.028,0.120
39,2,1,0.028,0.879
39,2,2,0.028,-0.495
39,2,3,0.028,0.663
39,3,0,0.028,0.000
39,3,1,0.028,0.024
39,3,2,0.028,0.663
39,3,3,0.028,3.403
40,0,0,0.029,2.221
40,0,1,0.029,0.529
40,0,2,0.029,0.123
40,0,3,0.029,0.000
40,1,0,0.029,0.529
40,1,1,0.029,-2.605
40,1,2,0.029,0.875
40,1,3,0.029,0.024
40,2,0,0.029,0.123
40,2,1,0.029,0.875
40,2,2,0.029,-0.495
40,2,3,0.029,0.653
40,3,0,0.029,0.000
40,3,1,0.029,0.024
40,3,2,0.029,0.653
40,3,3,0.029,3.406
41,0,0,0.030,2.224
41,0,1,0.030,0.517
41,0,2,0.030,0.125
41,0,3,0.030,0.000
41,1,0,0.030,0.517
41,1,1,0.030,-2.611
41,1,2,0.030,0.871
41,1,3,0.030,0.024
41,2,0,0.030,0.125
41,2,1,0.030,0.871
41,2,2,0.030,-0.495
41,2,3,0.030,0.644
41,3,0,0.030,0.000
41,3,1,0.030,0.024
41,3,2,0.030,0.644
41,3,3,0.030,3.409
42,0,0,0.031,2.226
42,0,1,0.031,0.506
42,0,2,0.031,0.127
42,0,3,0.031,0.000
42,1,0,0.031,0.506
42,1,1,0.031,-2.616
42,1,2,0.031,0.866
42,1,3,0.031,0.025
42,2,0,0.031,0.127
42,2,1,0.031,0.866
42,2,2,0.031,-0.496
42,2,3,0.031,0.635
42,3,0,0.031,0.000
42,3,1,0.031,0.025
42,3,2,0.031,0.635
42,3,3,0.031,3.413
43,0,0,0.032,2.229
43,0,1,0.032,0.494
43,0,2,0.032,0.129
43,0,3,0.032,0.000
43,1,0,0.032,0.494
43,1,1,0.032,-2.622
43,1,2,0.032,0.862
43,1,3,0.032,0.025
43,2,0,0.032,0.129
43,2,1,0.032,0.862
43,2,2,0.032,-0.496
43,2,3,0.032,0.625
43,3,0,0.032,0.000
43,3,1,0.032,0.025
43,3,2,0.032,0.625
43,3,3,0.032,3.416
44,0,0,0.033,2.231
44,0,1,0.033,0.482
44,0,2,0.033,0.131
44,0,3,0.033,0.000
44,1,0,0.033,0.482
44,1,1,0.033,-2.628
44,1,2,0.033,0.857
44,1,3,0.033,0.025
44,2,0,0.033,0.131
44,2,1,0.033,0.857
44,2,2,0.033,-0.496
44,2,3,0.033,0.616
44,3,0,0.033,0.000
44,3,1,0.033,0.025
44,3,2,0.033,0.616
44,3,3,0.033,3.419
45,0,0,0.034,2.233
45,0,1,0.034,0.471
45,0,2,0.034,0.133
45,0,3,0.034,0.000
45,1,0,0.034,0.471
45,1,1,0.034,-2.633
45,1,2,0.034,0.852
45,1,3,0.034,0.025
45,2,0,0.034,0.133
45,2,1,0.034,0.852
45,2,2,0.034,-0.496
45,2,3,0.034,0.606
45,3,0,0.034,0.000
45,3,1,0.034,0.025
45,3,2,0.034,0.606
45,3,3,0.034,3.422
46,0,0,0.035,2.236
46,0,1,0.035,0.459
46,0,2,0.035,0.135
46,0,3,0.035,0.000
46,1,0,0.035,0.459
46,1,1,0.035,-2.638
46,1,2,0.035,0.848
46,1,3,0.035,0.025
46,2,0,0.035,0.135
46,2,1,0.035,0.848
46,2,2,0.035,-0.495
46,2,3,0.035,0.597
46,3,0,0.035,0.000
46,3,1,0.035,0.025
46,3,2,0.035,0.597
46,3,3,0.035,3.425
47,0,0,0.036,2.238
47,0,1,0.036,0.448
47,0,2,0.036,0.137
47,0,3,0.036,0.000
47,1,0,0.036,0.448
47,1,1,0.036,-2.644
47,1,2,0.036,0.843
47,1,3,0.036,0.025
47,2,0,0.036,0.137
47,2,1,0.036,0.843
47,2,2,0.036,-0.495
47,2,3,0.036,0.587
47,3,0,0.036,0.000
47,3,1,0.036,0.025
47,3,2,0.036,0.587
47,3,3,0.036,3.428
48,0,0,0.037,2.240
48,0,1,0.037,0.437
48,0,2,0.037,0.138
48,0,3,0.037,0.000
48,1,0,0.037,0.437
48,1,1,0.037,-2.649
48,1,2,0.037,0.838
48,1,3,0.037,0.025
48,2,0,0.037,0.138
48,2,1,0.037,0.838
48,2,2,0.037,-0.495
48,2,3,0.037,0.578
48,3,0,0.037,0.000
48,3,1,0.037,0.025
48,3,2,0.037,0.578
48,3,3,0.037,3.430
49,0,0,0.038,2.242
49,0,1,0.038,0.425
49,0,2,0.038,0.140
49,0,3,0.038,0.000
49,1,0,0.038,0.425
49,1,1,0.038,-2.654
49,1,2,0.038,0.833
49,1,3,0.038,0.025
49,2,0,0.038,0.140
49,2,1,0.038,0.833
49,2,2,0.038,-0.495
49,2,3,0.038,0.569
49,3,0,0.038,0.000
49,3,1,0.038,0.025
49,3,2,0.038,0.569
49,3,3,0.038,3.433
50,0,0,0.040,2.244
50,0,1,0.040,0.414
50,0,2,0.040,0.142
50,0,3,0.040,0.000
50,1,0,0.040,0.414
50,1,1,0.040,-2.660
50,1,2,0.040,0.828
50,1,3,0.040,0.025
50,2,0,0.040,0.142
50,2,1,0.040,0.828
50,2,2,0.040,-0.494
50,2,3,0.040,0.559
50,3,0,0.040,0.000
50,3,1,0.040,0.025
50,3,2,0.040,0.559
50,3,3,0.040,3.436
51,0,0,0.041,2.246
51,0,1,0.041,0.403
51,0,2,0.041,0.143
51,0,3,0.041,0.000
51,1,0,0.041,0.403
51,1,1,0.041,-2.665
51,1,2,0.041,0.823
51,1,3,0.041,0.025
51,2,0,0.041,0.143
51,2,1,0.041,0.823
51,2,2,0.041,-0.494
51,2,3,0.041,0.550
51,3,0,0.041,0.000
51,3,1,0.041,0.025
51,3,2,0.041,0.550
51,3,3,0.041,3.439
52,0,0,0.042,2.248
52,0,1,0.042,0.392
52,0,2,0.042,0.145
52,0,3,0.042,0.000
52,1,0,0.042,0.392
52,1,1,0.042,-2.670
52,1,2,0.042,0.818
52,1,3,0.042,0.024
52,2,0,0.042,0.145
52,2,1,0.042,0.818
52,2,2,0.042,-0.493
52,2,3,0.042,0.540
52,3,0,0.042,0.000
52,3,1,0.042,0.024
52,3,2,0.042,0.540
52,3,3,0.042,3.441
53,0,0,0.043,2.250
53,0,1,0.043,0.381
53,0,2,0.043,0.146
53,0,3,0.043,0.000
53,1,0,0.043,0.381
53,1,1,0.043,-2.675
53,1,2,0.043,0.813
53,1,3,0.043,0.024
53,2,0,0.043,0.146
53,2,1,0.043,0.813
53,2,2,0.043,-0.493
53,2,3,0.043,0.531
53,3,0,0.043,0.000
53,3,1,0.043,0.024
53,3,2,0.043,0.531
53,3,3,0.043,3.444
54,0,0,0.044,2.252
54,0,1,0.044,0.370
54,0,2,0.044,0.147
54,0,3,0.044,0.000
54,1,0,0.044,0.370
54,1,1,0.044,-2.680
54,1,2,0.044,0.808
54,1,3,0.044,0.024
54,2,0,0.044,0.147
54,2,1,0.044,0.808
54,2,2,0.044,-0.492
54,2,3,0.044,0.521
54,3,0,0.044,0.000
54,3,1,0.044,0.024
54,3,2,0.044,0.521
54,3,3,0.044,3.447
55,0,0,0.045,2.254
55,0,1,0.045,0.360
55,0,2,0.045,0.148
55,0,3,0.045,0.000
55,1,0,0.045,0.360
55,1,1,0.045,-2.685
55,1,2,0.045,0.803
55,1,3,0.045,0.024
55,2,0,0.045,0.148
55,2,1,0.045,0.803
55,2,2,0.045,-0.491
55,2,3,0.045,0.512
55,3,0,0.045,0.000
55,3,1,0.045,0.024
55,3,2,0.045,0.512
55,3,3,0.045,3.449
56,0,0,0.047,2.255
56,0,1,0.047,0.349
56,0,2,0.047,0.150
56,0,3,0.047,0.000
56,1,0,0.047,0.349
56,1,1,0.047,-2.690
56,1,2,0.047,0.797
56,1,3,0.047,0.024
56,2,0,0.047,0.150
56,2,1,0.047,0.797
56,2,2,0.047,-0.490
56,2,3,0.047,0.502
56,3,0,0.047,0.000
56,3,1,0.047,0.024
56,3,2,0.047,0.502
56,3,3,0.047,3.452
57,0,0,0.048,2.257
57,0,1,0.048,0.338
57,0,2,0.048,0.151
57,0,3,0.048,0.000
57,1,0,0.048,0.338
57,1,1,0.048,-2.695
57,1,2,0.048,0.792
57,1,3,0.048,0.023
57,2,0,0.048,0.151
57,2,1,0.048,0.792
57,2,2,0.048,-0.489
57,2,3,0.048,0.493
57,3,0,0.048,0.000
57,3,1,0.048,0.023
57,3,2,0.048,0.493
57,3,3,0.048,3.454
58,0,0,0.049,2.258
58,0,1,0.049,0.328
58,0,2,0.049,0.152
58,0,3,0.049,0.000
58,1,0,0.049,0.328
58,1,1,0.049,-2.700
58,1,2,0.049,0.786
58,1,3,0.049,0.023
58,2,0,0.049,0.152
58,2,1,0.049,0.786
58,2,2,0.049,-0.489
58,2,3,0.049,0.483
58,3,0,0.049,0.000
58,3,1,0.049,0.023
58,3,2,0.049,0.483
58,3,3,0.049,3.457
59,0,0,0.050,2.260
59,0,1,0.050,0.318
59,0,2,0.050,0.152
59,0,3,0.050,0.000
59,1,0,0.050,0.318
59,1,1,0.050,-2.705
59,1,2,0.050,0.781
59,1,3,0.050,0.023
59,2,0,0.050,0.152
59,2,1,0.050,0.781
59,2,2,0.050,-0.488
59,2,3,0.050,0.474
59,3,0,0.050,0.000
59,3,1,0.050,0.023
59,3,2,0.050,0.474
59,3,3,0.050,3.459
60,0,0,0.052,2.261
60,0,1,0.052,0.307
60,0,2,0.052,0.153
60,0,3,0.052,0.000
60,1,0,0.052,0.307
60,1,1,0.052,-2.710
60,1,2,0.052,0.775
60,1,3,0.052,0.023
60,2,0,0.052,0.153
60,2,1,0.052,0.775
60,2,2,0.052,-0.486
60,2,3,0.052,0.464
60,3,0,0.052,0.000
60,3,1,0.052,0.023
60,3,2,0.052,0.464
60,3,3,0.052,3.461
61,0,0,0.053,2.263
61,0,1,0.053,0.297
61,0,2,0.053,0.154
61,0,3,0.053,0.000
61,1,0,0.053,0.297
61,1,1,0.053,-2.714
61,1,2,0.053,0.769
61,1,3,0.053,0.022
61,2,0,0.053,0.154
61,2,1,0.053,0.769
61,2,2,0.053,-0.485
61,2,3,0.053,0.455
61,3,0,0.053,0.000
61,3,1,0.053,0.022
61,3,2,0.053,0.455
61,3,3,0.053,3.464
62,0,0,0.054,2.264
62,0,1,0.054,0.287
62,0,2,0.054,0.155
62,0,3,0.054,0.000
62,1,0,0.054,0.287
62,1,1,0.054,-2.719
62,1,2,0.054,0.763
62,1,3,0.054,0.022
62,2,0,0.054,0.155
62,2,1,0.054,0.763
62,2,2,0.054,-0.484
62,2,3,0.054,0.445
62,3,0,0.054,0.000
62,3,1,0.054,0.022
62,3,2,0.054,0.445
62,3,3,0.054,3.466
63,0,0,0.056,2.265
63,0,1,0.056,0.278
63,0,2,0.056,0.155
63,0,3,0.056,0.000
63,1,0,0.056,0.278
63,1,1,0.056,-2.724
63,1,2,0.056,0.758
63,1,3,0.056,0.022
63,2,0,0.056,0.155
63,2,1,0.056,0.758
63,2,2,0.056,-0.483
63,2,3,0.056,0.436
63,3,0,0.056,0.000
63,3,1,0.056,0.022
63,3,2,0.056,0.436
63,3,3,0.056,3.468
64,0,0,0.057,2.267
64,0,1,0.057,0.268
64,0,2,0.057,0.156
64,0,3,0.057,0.000
64,1,0,0.057,0.268
64,1,1,0.057,-2.729
64,1,2,0.057,0.752
64,1,3,0.057,0.021
64,2,0,0.057,0.156
64,2,1,0.057,0.752
64,2,2,0.057,-0.482
64,2,3,0.057,0.426
64,3,0,0.057,0.000
64,3,1,0.057,0.021
64,3,2,0.057,0.426
64,3,3,0.057,3.470
65,0,0,0.059,2.268
65,0,1,0.059,0.258
65,0,2,0.059,0.156
65,0,3,0.059,0.000
65,1,0,0.059,0.258
65,1,1,0.059,-2.733
65,1,2,0.059,0.746
65,1,3,0.059,0.021
65,2,0,0.059,0.156
65,2,1,0.059,0.746
65,2,2,0.059,-0.480
65,2,3,0.059,0.417
65,3,0,0.059,0.000
65,3,1,0.059,0.021
65,3,2,0.059,0.417
65,3,3,0.059,3.472
66,0,0,0.060,2.269
66,0,1,0.060,0.249
66,0,2,0.060,0.156
66,0,3,0.060,0.000
66,1,0,0.060,0.249
66,1,1,0.060,-2.738
66,1,2,0.060,0.739
66,1,3,0.060,0.020
66,2,0,0.060,0.156
66,2,1,0.060,0.739
66,2,2,0.060,-0.479
66,2,3,0.060,0.408
66,3,0,0.060,0.000
66,3,1,0.060,0.020
66,3,2,0.060,0.408
66,3,3,0.060,3.474
67,0,0,0.062,2.270
67,0,1,0.062,0.240
67,0,2,0.062,0.157
67,0,3,0.062,0.000
67,1,0,0.062,0.240
67,1,1,0.062,-2.742
67,1,2,0.062,0.733
67,1,3,0.062,0.020
67,2,0,0.062,0.157
67,2,1,0.062,0.733
67,2,2,0.062,-0.477
67,2,3,0.062,0.398
67,3,0,0.062,0.000
67,3,1,0.062,0.020
67,3,2,0.062,0.398
67,3,3,0.062,3.476
68,0,0,0.063,2.271
68,0,1,0.063,0.231
68,0,2,0.063,0.157
68,0,3,0.063,0.000
68,1,0,0.063,0.231
68,1,1,0.063,-2.747
68,1,2,0.063,0.727
68,1,3,0.063,0.020
68,2,0,0.063,0.157
68,2,1,0.063,0.727
68,2,2,0.063,-0.476
68,2,3,0.063,0.389
68,3,0,0.063,0.000
68,3,1,0.063,0.020
68,3,2,0.063,0.389
68,3,3,0.063,3.478
69,0,0,0.065,2.273
69,0,1,0.065,0.219
69,0,2,0.065,0.157
69,0,3,0.065,0.000
69,1,0,0.065,0.219
69,1,1,0.065,-2.753
69,1,2,0.065,0.718
69,1,3,0.065,0.019
69,2,0,0.065,0.157
69,2,1,0.065,0.718
69,2,2,0.065,-0.473
69,2,3,0.065,0.377
69,3,0,0.065,0.000
69,3,1,0.065,0.019
69,3,2,0.065,0.377
69,3,3,0.065,3.480
70,0,0,0.067,2.274
70,0,1,0.067,0.207
70,0,2,0.067,0.157
70,0,3,0.067,0.000
70,1,0,0.067,0.207
70,1,1,0.067,-2.759
70,1,2,0.067,0.710
70,1,3,0.067,0.018
70,2,0,0.067,0.157
70,2,1,0.067,0.710
70,2,2,0.067,-0.471
70,2,3,0.067,0.365
70,3,0,0.067,0.000
70,3,1,0.067,0.018
70,3,2,0.067,0.365
70,3,3,0.067,3.483
71,0,0,0.069,2.275
71,0,1,0.069,0.196
71,0,2,0.069,0.156
71,0,3,0.069,0.000
71,1,0,0.069,0.196
71,1,1,0.069,-2.765
71,1,2,0.069,0.701
71,1,3,0.069,0.018
71,2,0,0.069,0.156
71,2,1,0.069,0.701
71,2,2,0.069,-0.469
71,2,3,0.069,0.353
71,3,0,0.069,0.000
71,3,1,0.069,0.018
71,3,2,0.069,0.353
71,3,3,0.069,3.485
72,0,0,0.072,2.276
72,0,1,0.072,0.185
72,0,2,0.072,0.156
72,0,3,0.072,0.000
72,1,0,0.072,0.185
72,1,1,0.072,-2.770
72,1,2,0.072,0.692
72,1,3,0.072,0.017
72,2,0,0.072,0.156
72,2,1,0.072,0.692
72,2,2,0.072,-0.466
72,2,3,0.072,0.341
72,3,0,0.072,0.000
72,3,1,0.072,0.017
72,3,2,0.072,0.341
72,3,3,0.072,3.487
73,0,0,0.074,2.277
73,0,1,0.074,0.175
73,0,2,0.074,0.155
73,0,3,0.074,0.000
73,1,0,0.074,0.175
73,1,1,0.074,-2.776
73,1,2,0.074,0.684
73,1,3,0.074,0.017
73,2,0,0.074,0.155
73,2,1,0.074,0.684
73,2,2,0.074,-0.464
73,2,3,0.074,0.329
73,3,0,0.074,0.000
73,3,1,0.074,0.017
73,3,2,0.074,0.329
73,3,3,0.074,3.489
74,0,0,0.076,2.278
74,0,1,0.076,0.165
74,0,2,0.076,0.155
74,0,3,0.076,0.000
74,1,0,0.076,0.165
74,1,1,0.076,-2.782
74,1,2,0.076,0.674
74,1,3,0.076,0.016
74,2,0,0.076,0.155
74,2,1,0.076,0.674
74,2,2,0.076,-0.461
74,2,3,0.076,0.317
74,3,0,0.076,0.000
74,3,1,0.076,0.016
74,3,2,0.076,0.317
74,3,3,0.076,3.491
75,0,0,0.079,2.279
75,0,1,0.079,0.155
75,0,2,0.079,0.154
75,0,3,0.079,0.000
75,1,0,0.079,0.155
75,1,1,0.079,-2.787
75,1,2,0.079,0.665
75,1,3,0.079,0.015
75,2,0,0.079,0.154
75,2,1,0.079,0.665
75,2,2,0.079,-0.458
75,2,3,0.079,0.306
75,3,0,0.079,0.000
75,3,1,0.079,0.015
75,3,2,0.079,0.306
75,3,3,0.079,3.493
76,0,0,0.081,2.280
76,0,1,0.081,0.145
76,0,2,0.081,0.153
76,0,3,0.081,0.000
76,1,0,0.081,0.145
76,1,1,0.081,-2.793
76,1,2,0.081,0.656
76,1,3,0.081,0.015
76,2,0,0.081,0.153
76,2,1,0.081,0.656
76,2,2,0.081,-0.455
76,2,3,0.081,0.295
76,3,0,0.081,0.000
76,3,1,0.081,0.015
76,3,2,0.081,0.295
76,3,3,0.081,3.495
77,0,0,0.083,2.281
77,0,1,0.083,0.136
77,0,2,0.083,0.152
77,0,3,0.083,0.000
77,1,0,0.083,0.136
77,1,1,0.083,-2.798
77,1,2,0.083,0.647
77,1,3,0.083,0.014
77,2,0,0.083,0.152
77,2,1,0.083,0.647
77,2,2,0.083,-0.452
77,2,3,0.083,0.283
77,3,0,0.083,0.000
77,3,1,0.083,0.014
77,3,2,0.083,0.283
77,3,3,0.083,3.496
78,0,0,0.086,2.282
78,0,1,0.086,0.127
78,0,2,0.086,0.151
78,0,3,0.086,0.000
78,1,0,0.086,0.127
78,1,1,0.086,-2.804
78,1,2,0.086,0.637
78,1,3,0.086,0.013
78,2,0,0.086,0.151
78,2,1,0.086,0.637
78,2,2,0.086,-0.449
78,2,3,0.086,0.272
78,3,0,0.086,0.000
78,3,1,0.086,0.013
78,3,2,0.086,0.272
78,3,3,0.086,3.498
79,0,0,0.089,2.282
79,0,1,0.089,0.119
79,0,2,0.089,0.149
79,0,3,0.089,0.000
79,1,0,0.089,0.119
79,1,1,0.089,-2.809
79,1,2,0.089,0.627
79,1,3,0.089,0.013
79,2,0,0.089,0.149
79,2,1,0.089,0.627
79,2,2,0.089,-0.446
79,2,3,0.089,0.262
79,3,0,0.089,0.000
79,3,1,0.089,0.013
79,3,2,0.089,0.262
79,3,3,0.089,3.499
80,0,0,0.091,2.283
80,0,1,0.091,0.111
80,0,2,0.091,0.148
80,0,3,0.091,0.000
80,1,0,0.091,0.111
80,1,1,0.091,-2.814
80,1,2,0.091,0.618
80,1,3,0.091,0.012
80,2,0,0.091,0.148
80,2,1,0.091,0.618
80,2,2,0.091,-0.443
80,2,3,0.091,0.251
80,3,0,0.091,0.000
80,3,1,0.091,0.012
80,3,2,0.091,0.251
80,3,3,0.091,3.501
81,0,0,0.094,2.284
81,0,1,0.094,0.103
81,0,2,0.094,0.146
81,0,3,0.094,0.000
81,1,0,0.094,0.103
81,1,1,0.094,-2.819
81,1,2,0.094,0.608
81,1,3,0.094,0.011
81,2,0,0.094,0.146
81,2,1,0.094,0.608
81,2,2,0.094,-0.440
81,2,3,0.094,0.241
81,3,0,0.094,0.000
81,3,1,0.094,0.011
81,3,2,0.094,0.241
81,3,3,0.094,3.502
82,0,0,0.097,2.284
82,0,1,0.097,0.096
82,0,2,0.097,0.144
82,0,3,0.097,0.000
82,1,0,0.097,0.096
82,1,1,0.097,-2.825
82,1,2,0.097,0.598
82,1,3,0.097,0.011
82,2,0,0.097,0.144
82,2,1,0.097,0.598
82,2,2,0.097,-0.436
82,2,3,0.097,0.231
82,3,0,0.097,0.000
82,3,1,0.097,0.011
82,3,2,0.097,0.231
82,3,3,0.097,3.503
83,0,0,0.099,2.285
83,0,1,0.099,0.089
83,0,2,0.099,0.143
83,0,3,0.099,0.000
83,1,0,0.099,0.089
83,1,1,0.099,-2.830
83,1,2,0.099,0.588
83,1,3,0.099,0.010
83,2,0,0.099,0.143
83,2,1,0.099,0.588
83,2,2,0.099,-0.433
83,2,3,0.099,0.221
83,3,0,0.099,0.000
83,3,1,0.099,0.010
83,3,2,0.099,0.221
83,3,3,0.099,3.504
84,0,0,0.102,2.285
84,0,1,0.102,0.083
84,0,2,0.102,0.141
84,0,3,0.102,0.000
84,1,0,0.102,0.083
84,1,1,0.102,-2.834
84,1,2,0.102,0.578
84,1,3,0.102,0.010
84,2,0,0.102,0.141
84,2,1,0.102,0.578
84,2,2,0.102,-0.430
84,2,3,0.102,0.211
84,3,0,0.102,0.000
84,3,1,0.102,0.010
84,3,2,0.102,0.211
84,3,3,0.102,3.505
85,0,0,0.105,2.286
85,0,1,0.105,0.076
85,0,2,0.105,0.139
85,0,3,0.105,0.000
85,1,0,0.105,0.076
85,1,1,0.105,-2.839
85,1,2,0.105,0.568
85,1,3,0.105,0.009
85,2,0,0.105,0.139
85,2,1,0.105,0.568
85,2,2,0.105,-0.427
85,2,3,0.105,0.202
85,3,0,0.105,0.000
85,3,1,0.105,0.009
85,3,2,0.105,0.202
85,3,3,0.105,3.506
86,0,0,0.108,2.286
86,0,1,0.108,0.071
86,0,2,0.108,0.137
86,0,3,0.108,0.000
86,1,0,0.108,0.071
86,1,1,0.108,-2.844
86,1,2,0.108,0.558
86,1,3,0.108,0.008
86,2,0,0.108,0.137
86,2,1,0.108,0.558
86,2,2,0.108,-0.423
86,2,3,0.108,0.193
86,3,0,0.108,0.000
86,3,1,0.108,0.008
86,3,2,0.108,0.193
86,3,3,0.108,3.507
87,0,0,0.111,2.287
87,0,1,0.111,0.065
87,0,2,0.111,0.135
87,0,3,0.111,0.000
87,1,0,0.111,0.065
87,1,1,0.111,-2.848
87,1,2,0.111,0.548
87,1,3,0.111,0.008
87,2,0,0.111,0.135
87,2,1,0.111,0.548
87,2,2,0.111,-0.420
87,2,3,0.111,0.184
87,3,0,0.111,0.000
87,3,1,0.111,0.008
87,3,2,0.111,0.184
87,3,3,0.111,3.508
88,0,0,0.114,2.287
88,0,1,0.114,0.060
88,0,2,0.114,0.132
88,0,3,0.114,0.000
88,1,0,0.114,0.060
88,1,1,0.114,-2.853
88,1,2,0.114,0.538
88,1,3,0.114,0.007
88,2,0,0.114,0.132
88,2,1,0.114,0.538
88,2,2,0.114,-0.417
88,2,3,0.114,0.176
88,3,0,0.114,0.000
88,3,1,0.114,0.007
88,3,2,0.114,0.176
88,3,3,0.114,3.509
89,0,0,0.117,2.288
89,0,1,0.117,0.055
89,0,2,0.117,0.130
89,0,3,0.117,0.000
89,1,0,0.117,0.055
89,1,1,0.117,-2.857
89,1,2,0.117,0.528
89,1,3,0.117,0.007
89,2,0,0.117,0.130
89,2,1,0.117,0.528
89,2,2,0.117,-0.413
89,2,3,0.117,0.168
89,3,0,0.117,0.000
89,3,1,0.117,0.007
89,3,2,0.117,0.168
89,3,3,0.117,3.510
90,0,0,0.120,2.288
90,0,1,0.120,0.051
90,0,2,0.120,0.128
90,0,3,0.120,0.000
90,1,0,0.120,0.051
90,1,1,0.120,-2.862
90,1,2,0.120,0.518
90,1,3,0.120,0.006
90,2,0,0.120,0.128
90,2,1,0.120,0.518
90,2,2,0.120,-0.410
90,2,3,0.120,0.160
90,3,0,0.120,0.000
90,3,1,0.120,0.006
90,3,2,0.120,0.160
90,3,3,0.120,3.510
91,0,0,0.123,2.288
91,0,1,0.123,0.046
91,0,2,0.123,0.126
91,0,3,0.123,0.000
91,1,0,0.123,0.046
91,1,1,0.123,-2.866
91,1,2,0.123,0.508
91,1,3,0.123,0.006
91,2,0,0.123,0.126
91,2,1,0.123,0.508
91,2,2,0.123,-0.407
91,2,3,0.123,0.152
91,3,0,0.123,0.000
91,3,1,0.123,0.006
91,3,2,0.123,0.152
91,3,3,0.123,3.511
92,0,0,0.127,2.289
92,0,1,0.127,0.042
92,0,2,0.127,0.123
92,0,3,0.127,0.000
92,1,0,0.127,0.042
92,1,1,0.127,-2.870
92,1,2,0.127,0.498
92,1,3,0.127,0.006
92,2,0,0.127,0.123
92,2,1,0.127,0.498
92,2,2,0.127,-0.404
92,2,3,0.127,0.145
92,3,0,0.127,0.000
92,3,1,0.127,0.006
92,3,2,0.127,0.145
92,3,3,0.127,3.512
93,0,0,0.130,2.289
93,0,1,0.130,0.039
93,0,2,0.130,0.121
93,0,3,0.130,0.000
93,1,0,0.130,0.039
93,1,1,0.130,-2.874
93,1,2,0.130,0.488
93,1,3,0.130,0.005
93,2,0,0.130,0.121
93,2,1,0.130,0.488
93,2,2,0.130,-0.401
93,2,3,0.130,0.137
93,3,0,0.130,0.000
93,3,1,0.130,0.005
93,3,2,0.130,0.137
93,3,3,0.130,3.512
94,0,0,0.133,2.289
94,0,1,0.133,0.035
94,0,2,0.133,0.118
94,0,3,0.133,0.000
94,1,0,0.133,0.035
94,1,1,0.133,-2.878
94,1,2,0.133,0.478
94,1,3,0.133,0.005
94,2,0,0.133,0.118
94,2,1,0.133,0.478
94,2,2,0.133,-0.397
94,2,3,0.133,0.130
94,3,0,0.133,0.000
94,3,1,0.133,0.005
94,3,2,0.133,0.130
94,3,3,0.133,3.513
95,0,0,0.137,2.290
95,0,1,0.137,0.032
95,0,2,0.137,0.116
95,0,3,0.137,0.000
95,1,0,0.137,0.032
95,1,1,0.137,-2.882
95,1,2,0.137,0.468
95,1,3,0.137,0.004
95,2,0,0.137,0.116
95,2,1,0.137,0.468
95,2,2,0.137,-0.394
95,2,3,0.137,0.124
95,3,0,0.137,0.000
95,3,1,0.137,0.004
95,3,2,0.137,0.124
95,3,3,0.137,3.513
96,0,0,0.140,2.290
96,0,1,0.140,0.029
96,0,2,0.140,0.113
96,0,3,0.140,0.000
96,1,0,0.140,0.029
96,1,1,0.140,-2.886
96,1,2,0.140,0.458
96,1,3,0.140,0.004
96,2,0,0.140,0.113
96,2,1,0.140,0.458
96,2,2,0.140,-0.391
96,2,3,0.140,0.117
96,3,0,0.140,0.000
96,3,1,0.140,0.004
96,3,2,0.140,0.117
96,3,3,0.140,3.514
97,0,0,0.144,2.290
97,0,1,0.144,0.027
97,0,2,0.144,0.111
97,0,3,0.144,0.000
97,1,0,0.144,0.027
97,1,1,0.144,-2.889
97,1,2,0.144,0.448
97,1,3,0.144,0.004
97,2,0,0.144,0.111
97,2,1,0.144,0.448
97,2,2,0.144,-0.388
97,2,3,0.144,0.111
97,3,0,0.144,0.000
97,3,1,0.144,0.004
97,3,2,0.144,0.111
97,3,3,0.144,3.514
98,0,0,0.147,2.291
98,0,1,0.147,0.024
98,0,2,0.147,0.108
98,0,3,0.147,0.000
98,1,0,0.147,0.024
98,1,1,0.147,-2.893
98,1,2,0.147,0.437
98,1,3,0.147,0.004
98,2,0,0.147,0.108
98,2,1,0.147,0.437
98,2,2,0.147,-0.385
98,2,3,0.147,0.105
98,3,0,0.147,0.000
98,3,1,0.147,0.004
98,3,2,0.147,0.105
98,3,3,0.147,3.514
99,0,0,0.151,2.291
99,0,1,0.151,0.022
99,0,2,0.151,0.106
99,0,3,0.151,0.000
99,1,0,0.151,0.022
99,1,1,0.151,-2.896
99,1,2,0.151,0.427
99,1,3,0.151,0.003
99,2,0,0.151,0.106
99,2,1,0.151,0.427
99,2,2,0.151,-0.382
99,2,3,0.151,0.099
99,3,0,0.151,0.000
99,3,1,0.151,0.003
99,3,2,0.151,0.099
99,3,3,0.151,3.515
100,0,0,0.154,2.291
100,0,1,0.154,0.020
100,0,2,0.154,0.103
100,0,3,0.154,0.000
100,1,0,0.154,0.020
100,1,1,0.154,-2.900
100,1,2,0.154,0.417
100,1,3,0.154,0.003
100,2,0,0.154,0.103
100,2,1,0.154,0.417
100,2,2,0.154,-0.379
100,2,3,0.154,0.094
100,3,0,0.154,0.000
100,3,1,0.154,0.003
100,3,2,0.154,0.094
100,3,3,0.154,3.515
101,0,0,0.158,2.291
101,0,1,0.158,0.018
101,0,2,0.158,0.101
101,0,3,0.158,0.000
101,1,0,0.158,0.018
101,1,1,0.158,-2.903
101,1,2,0.158,0.407
101,1,3,0.158,0.003
101,2,0,0.158,0.101
101,2,1,0.158,0.407
101,2,2,0.158,-0.377
101,2,3,0.158,0.088
101,3,0,0.158,0.000
101,3,1,0.158,0.003
101,3,2,0.158,0.088
101,3,3,0.158,3.515
102,0,0,0.162,2.291
102,0,1,0.162,0.016
102,0,2,0.162,0.098
102,0,3,0.162,0.000
102,1,0,0.162,0.016
102,1,1,0.162,-2.906
102,1,2,0.162,0.397
102,1,3,0.162,0.002
102,2,0,0.162,0.098
102,2,1,0.162,0.397
102,2,2,0.162,-0.374
102,2,3,0.162,0.083
102,3,0,0.162,0.000
102,3,1,0.162,0.002
102,3,2,0.162,0.083
102,3,3,0.162,3.515
103,0,0,0.166,2.292
103,0,1,0.166,0.014
103,0,2,0.166,0.096
103,0,3,0.166,0.000
103,1,0,0.166,0.014
103,1,1,0.166,-2.909
103,1,2,0.166,0.387
103,1,3,0.166,0.002
103,2,0,0.166,0.096
103,2,1,0.166,0.387
103,2,2,0.166,-0.371
103,2,3,0.166,0.078
103,3,0,0.166,0.000
103,3,1,0.166,0.002
103,3,2,0.166,0.078
103,3,3,0.166,3.515
104,0,0,0.170,2.292
104,0,1,0.170,0.013
104,0,2,0.170,0.093
104,0,3,0.170,0.000
104,1,0,0.170,0.013
104,1,1,0.170,-2.912
104,1,2,0.170,0.377
104,1,3,0.170,0.002
104,2,0,0.170,0.093
104,2,1,0.170,0.377
104,2,2,0.170,-0.369
104,2,3,0.170,0.074
104,3,0,0.170,0.000
104,3,1,0.170,0.002
104,3,2,0.170,0.074
104,3,3,0.170,3.516
105,0,0,0.174,2.292
105,0,1,0.174,0.011
105,0,2,0.174,0.091
105,0,3,0.174,0.000
105,1,0,0.174,0.011
105,1,1,0.174,-2.915
105,1,2,0.174,0.367
105,1,3,0.174,0.002
105,2,0,0.174,0.091
105,2,1,0.174,0.367
105,2,2,0.174,-0.366
105,2,3,0.174,0.069
105,3,0,0.174,0.000
105,3,1,0.174,0.002
105,3,2,0.174,0.069
105,3,3,0.174,3.516
106,0,0,0.178,2.292
106,0,1,0.178,0.010
106,0,2,0.178,0.088
106,0,3,0.178,0.000
106,1,0,0.178,0.010
106,1,1,0.178,-2.918
106,1,2,0.178,0.357
106,1,3,0.178,0.002
106,2,0,0.178,0.088
106,2,1,0.178,0.357
106,2,2,0.178,-0.364
106,2,3,0.178,0.065
106,3,0,0.178,0.000
106,3,1,0.178,0.002
106,3,2,0.178,0.065
106,3,3,0.178,3.516
107,0,0,0.183,2.292
107,0,1,0.183,0.009
107,0,2,0.183,0.085
107,0,3,0.183,0.000
107,1,0,0.183,0.009
107,1,1,0.183,-2.921
107,1,2,0.183,0.347
107,1,3,0.183,0.002
107,2,0,0.183,0.085
107,2,1,0.183,0.347
107,2,2,0.183,-0.361
107,2,3,0.183,0.061
107,3,0,0.183,0.000
107,3,1,0.183,0.002
107,3,2,0.183,0.061
107,3,3,0.183,3.516
108,0,0,0.187,2.293
108,0,1,0.187,0.008
108,0,2,0.187,0.083
108,0,3,0.187,0.000
108,1,0,0.187,0.008
108,1,1,0.187,-2.923
108,1,2,0.187,0.337
108,1,3,0.187,0.001
108,2,0,0.187,0.083
108,2,1,0.187,0.337
108,2,2,0.187,-0.359
108,2,3,0.187,0.057
108,3,0,0.187,0.000
108,3,1,0.187,0.001
108,3,2,0.187,0.057
108,3,3,0.187,3.516
109,0,0,0.192,2.293
109,0,1,0.192,0.007
109,0,2,0.192,0.080
109,0,3,0.192,0.000
109,1,0,0.192,0.007
109,1,1,0.192,-2.926
109,1,2,0.192,0.327
109,1,3,0.192,0.001
109,2,0,0.192,0.080
109,2,1,0.192,0.327
109,2,2,0.192,-0.356
109,2,3,0.192,0.053
109,3,0,0.192,0.000
109,3,1,0.192,0.001
109,3,2,0.192,0.053
109,3,3,0.192,3.516
110,0,0,0.196,2.293
110,0,1,0.196,0.006
110,0,2,0.196,0.078
110,0,3,0.196,0.000
110,1,0,0.196,0.006
110,1,1,0.196,-2.929
110,1,2,0.196,0.317
110,1,3,0.196,0.001
110,2,0,0.196,0.078
110,2,1,0.196,0.317
110,2,2,0.196,-0.354
110,2,3,0.196,0.049
110,3,0,0.196,0.000
110,3,1,0.196,0.001
110,3,2,0.196,0.049
110,3,3,0.196,3.516
111,0,0,0.201,2.293
111,0,1,0.201,0.005
111,0,2,0.201,0.075
111,0,3,0.201,0.000
111,1,0,0.201,0.005
111,1,1,0.201,-2.931
111,1,2,0.201,0.307
111,1,3,0.201,0.000
111,2,0,0.201,0.075
111,2,1,0.201,0.307
111,2,2,0.201,-0.352
111,2,3,0.201,0.046
111,3,0,0.201,0.000
111,3,1,0.201,0.000
111,3,2,0.201,0.046
111,3,3,0.201,3.517
112,0,0,0.206,2.293
112,0,1,0.206,0.005
112,0,2,0.206,0.073
112,0,3,0.206,0.000
112,1,0,0.206,0.005
112,1,1,0.206,-2.933
112,1,2,0.206,0.297
112,1,3,0.206,0.000
112,2,0,0.206,0.073
112,2,1,0.206,0.297
112,2,2,0.206,-0.350
112,2,3,0.206,0.042
112,3,0,0.206,0.000
112,3,1,0.206,0.000
112,3,2,0.206,0.042
112,3,3,0.206,3.517
113,0,0,0.211,2.293
113,0,1,0.211,0.004
113,0,2,0.211,0.070
113,0,3,0.211,0.000
113,1,0,0.211,0.004
113,1,1,0.211,-2.936
113,1,2,0.211,0.287
113,1,3,0.211,0.000
113,2,0,0.211,0.070
113,2,1,0.211,0.287
113,2,2,0.211,-0.348
113,2,3,0.211,0.039
113,3,0,0.211,0.000
113,3,1,0.211,0.000
113,3,2,0.211,0.039
113,3,3,0.211,3.517
114,0,0,0.216,2.293
114,0,1,0.216,0.003
114,0,2,0.216,0.068
114,0,3,0.216,0.000
114,1,0,0.216,0.003
114,1,1,0.216,-2.938
114,1,2,0.216,0.277
114,1,3,0.216,0.000
114,2,0,0.216,0.068
114,2,1,0.216,0.277
114,2,2,0.216,-0.346
114,2,3,0.216,0.036
114,3,0,0.216,0.000
114,3,1,0.216,0.000
114,3,2,0.216,0.036
114,3,3,0.216,3.517
115,0,0,0.221,2.294
115,0,1,0.221,0.003
115,0,2,0.221,0.065
115,0,3,0.221,0.000
115,1,0,0.221,0.003
115,1,1,0.221,-2.940
115,1,2,0.221,0.267
115,1,3,0.221,0.000
115,2,0,0.221,0.065
115,2,1,0.221,0.267
115,2,2,0.221,-0.344
115,2,3,0.221,0.033
115,3,0,0.221,0.000
115,3,1,0.221,0.000
115,3,2,0.221,0.033
115,3,3,0.221,3.517
116,0,0,0.227,2.294
116,0,1,0.227,0.002
116,0,2,0.227,0.063
116,0,3,0.227,0.000
116,1,0,0.227,0.002
116,1,1,0.227,-2.942
116,1,2,0.227,0.257
116,1,3,0.227,0.000
116,2,0,0.227,0.063
116,2,1,0.227,0.257
116,2,2,0.227,-0.342
116,2,3,0.227,0.031
116,3,0,0.227,0.000
116,3,1,0.227,0.000
116,3,2,0.227,0.031
116,3,3,0.227,3.517
117,0,0,0.233,2.294
117,0,1,0.233,0.002
117,0,2,0.233,0.060
117,0,3,0.233,0.000
117,1,0,0.233,0.002
117,1,1,0.233,-2.944
117,1,2,0.233,0.247
117,1,3,0.233,0.000
117,2,0,0.233,0.060
117,2,1,0.233,0.247
117,2,2,0.233,-0.340
117,2,3,0.233,0.028
117,3,0,0.233,0.000
117,3,1,0.233,0.000
117,3,2,0.233,0.028
117,3,3,0.233,3.517
118,0,0,0.239,2.294
118,0,1,0.239,0.002
118,0,2,0.239,0.058
118,0,3,0.239,0.000
118,1,0,0.239,0.002
118,1,1,0.239,-2.946
118,1,2,0.239,0.237
118,1,3,0.239,0.000
118,2,0,0.239,0.058
118,2,1,0.239,0.237
118,2,2,0.239,-0.339
118,2,3,0.239,0.025
118,3,0,0.239,0.000
118,3,1,0.239,0.000
118,3,2,0.239,0.025
118,3,3,0.239,3.517
119,0,0,0.245,2.294
119,0,1,0.245,0.001
119,0,2,0.245,0.055
119,0,3,0.245,0.000
119,1,0,0.245,0.001
119,1,1,0.245,-2.947
119,1,2,0.245,0.227
119,1,3,0.245,0.000
119,2,0,0.245,0.055
119,2,1,0.245,0.227
119,2,2,0.245,-0.337
119,2,3,0.245,0.023
119,3,0,0.245,0.000
119,3,1,0.245,0.000
119,3,2,0.245,0.023
119,3,3,0.245,3.517
120,0,0,0.251,2.294
120,0,1,0.251,0.001
120,0,2,0.251,0.053
120,0,3,0.251,0.000
120,1,0,0.251,0.001
120,1,1,0.251,-2.949
120,1,2,0.251,0.217
120,1,3,0.251,0.000
120,2,0,0.251,0.053
120,2,1,0.251,0.217
120,2,2,0.251,-0.335
120,2,3,0.251,0.021
120,3,0,0.251,0.000
120,3,1,0.251,0.000
120,3,2,0.251,0.021
120,3,3,0.251,3.517
121,0,0,0.258,2.294
121,0,1,0.258,0.000
121,0,2,0.258,0.051
121,0,3,0.258,0.000
121,1,0,0.258,0.000
121,1,1,0.258,-2.951
121,1,2,0.258,0.207
121,1,3,0.258,0.000
121,2,0,0.258,0.051
121,2,1,0.258,0.207
121,2,2,0.258,-0.334
121,2,3,0.258,0.019
121,3,0,0.258,0.000
121,3,1,0.258,0.000
121,3,2,0.258,0.019
121,3,3,0.258,3.517
122,0,0,0.265,2.294
122,0,1,0.265,0.000
122,0,2,0.265,0.048
122,0,3,0.265,0.000
122,1,0,0.265,0.000
122,1,1,0.265,-2.952
122,1,2,0.265,0.197
122,1,3,0.265,0.000
122,2,0,0.265,0.048
122,2,1,0.265,0.197
122,2,2,0.265,-0.333
122,2,3,0.265,0.017
122,3,0,0.265,0.000
122,3,1,0.265,0.000
122,3,2,0.265,0.017
122,3,3,0.265,3.517
123,0,0,0.272,2.294
123,0,1,0.272,0.000
123,0,2,0.272,0.046
123,0,3,0.272,0.000
123,1,0,0.272,0.000
123,1,1,0.272,-2.954
123,1,2,0.272,0.188
123,1,3,0.272,0.000
123,2,0,0.272,0.046
123,2,1,0.272,0.188
123,2,2,0.272,-0.331
123,2,3,0.272,0.015
123,3,0,0.272,0.000
123,3,1,0.272,0.000
123,3,2,0.272,0.015
123,3,3,0.272,3.517
124,0,0,0.280,2.295
124,0,1,0.280,0.000
124,0,2,0.280,0.043
124,0,3,0.280,0.000
124,1,0,0.280,0.000
124,1,1,0.280,-2.955
124,1,2,0.280,0.178
124,1,3,0.280,0.000
124,2,0,0.280,0.043
124,2,1,0.280,0.178
124,2,2,0.280,-0.330
124,2,3,0.280,0.013
124,3,0,0.280,0.000
124,3,1,0.280,0.000
124,3,2,0.280,0.013
124,3,3,0.280,3.517
125,0,0,0.288,2.295
125,0,1,0.288,0.000
125,0,2,0.288,0.041
125,0,3,0.288,0.000
125,1,0,0.288,0.000
125,1,1,0.288,-2.956
125,1,2,0.288,0.168
125,1,3,0.288,0.000
125,2,0,0.288,0.041
125,2,1,0.288,0.168
125,2,2,0.288,-0.329
125,2,3,0.288,0.012
125,3,0,0.288,0.000
125,3,1,0.288,0.000
125,3,2,0.288,0.012
125,3,3,0.288,3.517
126,0,0,0.296,2.295
126,0,1,0.296,0.000
126,0,2,0.296,0.039
126,0,3,0.296,0.000
126,1,0,0.296,0.000
126,1,1,0.296,-2.957
126,1,2,0.296,0.158
126,1,3,0.296,0.000
126,2,0,0.296,0.039
126,2,1,0.296,0.158
126,2,2,0.296,-0.328
126,2,3,0.296,0.010
126,3,0,0.296,0.000
126,3,1,0.296,0.000
126,3,2,0.296,0.010
126,3,3,0.296,3.517
127,0,0,0.305,2.295
127,0,1,0.305,0.000
127,0,2,0.305,0.036
127,0,3,0.305,0.000
127,1,0,0.305,0.000
127,1,1,0.305,-2.959
127,1,2,0.305,0.148
127,1,3,0.305,0.000
127,2,0,0.305,0.036
127,2,1,0.305,0.148
127,2,2,0.305,-0.327
127,2,3,0.305,0.009
127,3,0,0.305,0.000
127,3,1,0.305,0.000
127,3,2,0.305,0.009
127,3,3,0.305,3.517
128,0,0,0.314,2.295
128,0,1,0.314,0.000
128,0,2,0.314,0.034
128,0,3,0.314,0.000
128,1,0,0.314,0.000
128,1,1,0.314,-2.960
128,1,2,0.314,0.139
128,1,3,0.314,0.000
128,2,0,0.314,0.034
128,2,1,0.314,0.139
128,2,2,0.314,-0.326
128,2,3,0.314,0.008
128,3,0,0.314,0.000
128,3,1,0.314,0.000
128,3,2,0.314,0.008
128,3,3,0.314,3.517
129,0,0,0.324,2.295
129,0,1,0.324,0.000
129,0,2,0.324,0.032
129,0,3,0.324,0.000
129,1,0,0.324,0.000
129,1,1,0.324,-2.961
129,1,2,0.324,0.129
129,1,3,0.324,0.000
129,2,0,0.324,0.032
129,2,1,0.324,0.129
129,2,2,0.324,-0.325
129,2,3,0.324,0.007
129,3,0,0.324,0.000
129,3,1,0.324,0.000
129,3,2,0.324,0.007
129,3,3,0.324,3.517
130,0,0,0.335,2.295
130,0,1,0.335,0.000
130,0,2,0.335,0.029
130,0,3,0.335,0.000
130,1,0,0.335,0.000
130,1,1,0.335,-2.962
130,1,2,0.335,0.119
130,1,3,0.335,0.000
130,2,0,0.335,0.029
130,2,1,0.335,0.119
130,2,2,0.335,-0.324
130,2,3,0.335,0.006
130,3,0,0.335,0.000
130,3,1,0.335,0.000
130,3,2,0.335,0.006
130,3,3,0.335,3.517
131,0,0,0.347,2.295
131,0,1,0.347,0.000
131,0,2,0.347,0.027
131,0,3,0.347,0.000
131,1,0,0.347,0.000
131,1,1,0.347,-2.962
131,1,2,0.347,0.110
131,1,3,0.347,0.000
131,2,0,0.347,0.027
131,2,1,0.347,0.110
131,2,2,0.347,-0.323
131,2,3,0.347,0.005
131,3,0,0.347,0.000
131,3,1,0.347,0.000
131,3,2,0.347,0.005
131,3,3,0.347,3.517
132,0,0,0.359,2.295
132,0,1,0.359,0.000
132,0,2,0.359,0.025
132,0,3,0.359,0.000
132,1,0,0.359,0.000
132,1,1,0.359,-2.963
132,1,2,0.359,0.100
132,1,3,0.359,0.000
132,2,0,0.359,0.025
132,2,1,0.359,0.100
132,2,2,0.359,-0.322
132,2,3,0.359,0.004
132,3,0,0.359,0.000
132,3,1,0.359,0.000
132,3,2,0.359,0.004
132,3,3,0.359,3.517
133,0,0,0.373,2.295
133,0,1,0.373,0.000
133,0,2,0.373,0.022
133,0,3,0.373,0.000
133,1,0,0.373,0.000
133,1,1,0.373,-2.964
133,1,2,0.373,0.091
133,1,3,0.373,0.000
133,2,0,0.373,0.022
133,2,1,0.373,0.091
133,2,2,0.373,-0.322
133,2,3,0.373,0.003
133,3,0,0.373,0.000
133,3,1,0.373,0.000
133,3,2,0.373,0.003
133,3,3,0.373,3.517
134,0,0,0.387,2.295
134,0,1,0.387,0.000
134,0,2,0.387,0.020
134,0,3,0.387,0.000
134,1,0,0.387,0.000
134,1,1,0.387,-2.964
134,1,2,0.387,0.082
134,1,3,0.387,0.000
134,2,0,0.387,0.020
134,2,1,0.387,0.082
134,2,2,0.387,-0.321
134,2,3,0.387,0.002
134,3,0,0.387,0.000
134,3,1,0.387,0.000
134,3,2,0.387,0.002
134,3,3,0.387,3.517
135,0,0,0.404,2.295
135,0,1,0.404,0.000
135,0,2,0.404,0.018
135,0,3,0.404,0.000
135,1,0,0.404,0.000
135,1,1,0.404,-2.965
135,1,2,0.404,0.072
135,1,3,0.404,0.000
135,2,0,0.404,0.018
135,2,1,0.404,0.072
135,2,2,0.404,-0.321
135,2,3,0.404,0.002
135,3,0,0.404,0.000
135,3,1,0.404,0.000
135,3,2,0.404,0.002
135,3,3,0.404,3.517
136,0,0,0.422,2.295
136,0,1,0.422,0.000
136,0,2,0.422,0.016
136,0,3,0.422,0.000
136,1,0,0.422,0.000
136,1,1,0.422,-2.965
136,1,2,0.422,0.063
136,1,3,0.422,0.000
136,2,0,0.422,0.016
136,2,1,0.422,0.063
136,2,2,0.422,-0.320
136,2,3,0.422,0.001
136,3,0,0.422,0.000
136,3,1,0.422,0.000
136,3,2,0.422,0.001
136,3,3,0.422,3.517
137,0,0,0.442,2.295
137,0,1,0.442,0.000
137,0,2,0.442,0.013
137,0,3,0.442,0.000
137,1,0,0.442,0.000
137,1,1,0.442,-2.966
137,1,2,0.442,0.054
137,1,3,0.442,0.000
137,2,0,0.442,0.013
137,2,1,0.442,0.054
137,2,2,0.442,-0.320
137,2,3,0.442,0.000
137,3,0,0.442,0.000
137,3,1,0.442,0.000
137,3,2,0.442,0.000
137,3,3,0.442,3.517
138,0,0,0.466,2.295
138,0,1,0.466,0.000
138,0,2,0.466,0.011
138,0,3,0.466,0.000
138,1,0,0.466,0.000
138,1,1,0.466,-2.966
138,1,2,0.466,0.045
138,1,3,0.466,0.000
138,2,0,0.466,0.011
138,2,1,0.466,0.045
138,2,2,0.466,-0.319
138,2,3,0.466,0.000
138,3,0,0.466,0.000
138,3,1,0.466,0.000
138,3,2,0.466,0.000
138,3,3,0.466,3.517
139,0,0,0.493,2.295
139,0,1,0.493,0.000
139,0,2,0.493,0.009
139,0,3,0.493,0.000
139,1,0,0.493,0.000
139,1,1,0.493,-2.966
139,1,2,0.493,0.037
139,1,3,0.493,0.000
139,2,0,0.493,0.009
139,2,1,0.493,0.037
139,2,2,0.493,-0.319
139,2,3,0.493,0.000
139,3,0,0.493,0.000
139,3,1,0.493,0.000
139,3,2,0.493,0.000
139,3,3,0.493,3.517
140,0,0,0.526,2.295
140,0,1,0.526,0.000
140,0,2,0.526,0.007
140,0,3,0.526,0.000
140,1,0,0.526,0.000
140,1,1,0.526,-2.967
140,1,2,0.526,0.028
140,1,3,0.526,0.000
140,2,0,0.526,0.007
140,2,1,0.526,0.028
140,2,2,0.526,-0.319
140,2,3,0.526,0.000
140,3,0,0.526,0.000
140,3,1,0.526,0.000
140,3,2,0.526,0.000
140,3,3,0.526,3.517
141,0,0,0.566,2.295
141,0,1,0.566,0.000
141,0,2,0.566,0.005
141,0,3,0.566,0.000
141,1,0,0.566,0.000
141,1,1,0.566,-2.967
141,1,2,0.566,0.020
141,1,3,0.566,0.000
141,2,0,0.566,0.005
141,2,1,0.566,0.020
141,2,2,0.566,-0.319
141,2,3,0.566,0.000
141,3,0,0.566,0.000
141,3,1,0.566,0.000
141,3,2,0.566,0.000
141,3,3,0.566,3.517
142,0,0,0.618,2.295
142,0,1,0.618,0.000
142,0,2,0.618,0.003
142,0,3,0.618,0.000
142,1,0,0.618,0.000
142,1,1,0.618,-2.967
142,1,2,0.618,0.013
142,1,3,0.618,0.000
142,2,0,0.618,0.003
142,2,1,0.618,0.013
142,2,2,0.618,-0.319
142,2,3,0.618,0.000
142,3,0,0.618,0.000
142,3,1,0.618,0.000
142,3,2,0.618,0.000
142,3,3,0.618,3.517
143,0,0,0.692,2.295
143,0,1,0.692,0.000
143,0,2,0.692,0.002
143,0,3,0.692,0.000
143,1,0,0.692,0.000
143,1,1,0.692,-2.967
143,1,2,0.692,0.006
143,1,3,0.692,0.000
143,2,0,0.692,0.002
143,2,1,0.692,0.006
143,2,2,0.692,-0.319
143,2,3,0.692,0.000
143,3,0,0.692,0.000
143,3,1,0.692,0.000
143,3,2,0.692,0.000
143,3,3,0.692,3.517
144,0,0,0.807,2.295
144,0,1,0.807,0.000
144,0,2,0.807,0.000
144,0,3,0.807,0.000
144,1,0,0.807,0.000
144,1,1,0.807,-2.967
144,1,2,0.807,0.001
144,1,3,0.807,0.000
144,2,0,0.807,0.000
144,2,1,0.807,0.001
144,2,2,0.807,-0.319
144,2,3,0.807,0.000
144,3,0,0.807,0.000
144,3,1,0.807,0.000
144,3,2,0.807,0.000
144,3,3,0.807,3.517
145,0,0,1.038,2.295
145,0,1,1.038,0.000
145,0,2,1.038,0.000
145,0,3,1.038,0.000
145,1,0,1.038,0.000
145,1,1,1.038,-2.967
145,1,2,1.038,0.000
145,1,3,1.038,0.000
145,2,0,1.038,0.000
145,2,1,1.038,0.000
145,2,2,1.038,-0.319
145,2,3,1.038,0.000
145,3,0,1.038,0.000
145,3,1,1.038,0.000
145,3,2,1.038,0.000
145,3,3,1.038,3.517
146,0,0,1.500,2.295
146,0,1,1.500,0.000
146,0,2,1.500,0.000
146,0,3,1.500,0.000
146,1,0,1.500,0.000
146,1,1,1.500,-2.967
146,1,2,1.500,0.000
146,1,3,1.500,0.000
146,2,0,1.500,0.000
146,2,1,1.500,0.000
146,2,2,1.500,-0.319
146,2,3,1.500,0.000
146,3,0,1.500,0.000
146,3,1,1.500,0.000
146,3,2,1.500,0.000
146,3,3,1.500,3.517
147,0,0,2.424,2.295
147,0,1,2.424,0.000
147,0,2,2.424,0.000
147,0,3,2.424,0.000
147,1,0,2.424,0.000
147,1,1,2.424,-2.967
147,1,2,2.424,0.000
147,1,3,2.424,0.000
147,2,0,2.424,0.000
147,2,1,2.424,0.000
147,2,2,2.424,-0.319
147,2,3,2.424,0.000
147,3,0,2.424,0.000
147,3,1,2.424,0.000
147,3,2,2.424,0.000
147,3,3,2.424,3.517
148,0,0,4.272,2.295
148,0,1,4.272,0.000
148,0,2,4.272,0.000
148,0,3,4.272,0.000
148,1,0,4.272,0.000
148,1,1,4.272,-2.967
148,1,2,4.272,0.000
148,1,3,4.272,0.000
148,2,0,4.272,0.000
148,2,1,4.272,0.000
148,2,2,4.272,-0.319
148,2,3,4.272,0.000
148,3,0,4.272,0.000
148,3,1,4.272,0.000
148,3,2,4.272,0.000
148,3,3,4.272,3.517
149,0,0,7.969,2.295
149,0,1,7.969,0.000
149,0,2,7.969,0.000
149,0,3,7.969,0.000
149,1,0,7.969,0.000
149,1,1,7.969,-2.967
149,1,2,7.969,0.000
149,1,3,7.969,0.000
149,2,0,7.969,0.000
149,2,1,7.969,0.000
149,2,2,7.969,-0.319
149,2,3,7.969,0.000
149,3,0,7.969,0.000
149,3,1,7.969,0.000
149,3,2,7.969,0.000
149,3,3,7.969,3.517
150,0,0,10.000,2.295
150,0,1,10.000,0.000
150,0,2,10.000,0.000
150,0,3,10.000,0.000
150,1,0,10.000,0.000
150,1,1,10.000,-2.967
150,1,2,10.000,0.000
150,1,3,10.000,0.000
150,2,0,10.000,0.000
150,2,1,10.000,0.000
150,2,2,10.000,-0.319
150,2,3,10.000,0.000
150,3,0,10.000,0.000
150,3,1,10.000,0.000
150,3,2,10.000,0.000
150,3,3,10.000,3.517
