121,4,time,val
0,0,0,0.000,0.000
0,0,1,0.000,-0.025
0,0,2,0.000,0.000
0,0,3,0.000,0.000
0,1,0,0.000,-0.025
0,1,1,0.000,0.000
0,1,2,0.000,-0.025
0,1,3,0.000,0.000
0,2,0,0.000,0.000
0,2,1,0.000,-0.025
0,2,2,0.000,0.000
0,2,3,0.000,-0.025
0,3,0,0.000,0.000
0,3,1,0.000,0.000
0,3,2,0.000,-0.025
0,3,3,0.000,0.000
1,0,0,0.000,0.000
1,0,1,0.000,-0.025
1,0,2,0.000,0.000
1,0,3,0.000,0.000
1,1,0,0.000,-0.025
1,1,1,0.000,0.000
1,1,2,0.000,-0.025
1,1,3,0.000,0.000
1,2,0,0.000,0.000
1,2,1,0.000,-0.025
1,2,2,0.000,0.000
1,2,3,0.000,-0.025
1,3,0,0.000,0.000
1,3,1,0.000,0.000
1,3,2,0.000,-0.025
1,3,3,0.000,0.000
2,0,0,0.001,0.000
2,0,1,0.001,-0.025
2,0,2,0.001,0.000
2,0,3,0.001,-0.000
2,1,0,0.001,-0.025
2,1,1,0.001,0.000
2,1,2,0.001,-0.025
2,1,3,0.001,0.000
2,2,0,0.001,0.000
2,2,1,0.001,-0.025
2,2,2,0.001,0.000
2,2,3,0.001,-0.025
2,3,0,0.001,-0.000
2,3,1,0.001,0.000
2,3,2,0.001,-0.025
2,3,3,0.001,0.000
3,0,0,0.002,0.000
3,0,1,0.002,-0.025
3,0,2,0.002,0.000
3,0,3,0.002,-0.000
3,1,0,0.002,-0.025
3,1,1,0.002,0.000
3,1,2,0.002,-0.025
3,1,3,0.002,0.000
3,2,0,0.002,0.000
3,2,1,0.002,-0.025
3,2,2,0.002,0.000
3,2,3,0.002,-0.025
3,3,0,0.002,-0.000
3,3,1,0.002,0.000
3,3,2,0.002,-0.025
3,3,3,0.002,0.000
4,0,0,0.009,0.000
4,0,1,0.009,-0.025
4,0,2,0.009,0.001
4,0,3,0.009,-0.000
4,1,0,0.009,-0.025
4,1,1,0.009,0.000
4,1,2,0.009,-0.026
4,1,3,0.009,0.001
4,2,0,0.009,0.001
4,2,1,0.009,-0.026
4,2,2,0.009,0.000
4,2,3,0.009,-0.025
4,3,0,0.009,-0.000
4,3,1,0.009,0.001
4,3,2,0.009,-0.025
4,3,3,0.009,0.000
5,0,0,0.023,0.000
5,0,1,0.023,-0.026
5,0,2,0.023,0.002
5,0,3,0.023,-0.000
5,1,0,0.023,-0.026
5,1,1,0.023,0.000
5,1,2,0.023,-0.027
5,1,3,0.023,0.002
5,2,0,0.023,0.002
5,2,1,0.023,-0.027
5,2,2,0.023,0.000
5,2,3,0.023,-0.026
5,3,0,0.023,-0.000
5,3,1,0.023,0.002
5,3,2,0.023,-0.026
5,3,3,0.023,0.000
6,0,0,0.038,0.000
6,0,1,0.038,-0.027
6,0,2,0.038,0.004
6,0,3,0.038,-0.000
6,1,0,0.038,-0.027
6,1,1,0.038,0.000
6,1,2,0.038,-0.029
6,1,3,0.038,0.004
6,2,0,0.038,0.004
6,2,1,0.038,-0.029
6,2,2,0.038,0.000
6,2,3,0.038,-0.027
6,3,0,0.038,-0.000
6,3,1,0.038,0.004
6,3,2,0.038,-0.027
6,3,3,0.038,0.000
7,0,0,0.053,0.000
7,0,1,0.053,-0.027
7,0,2,0.053,0.006
7,0,3,0.053,-0.000
7,1,0,0.053,-0.027
7,1,1,0.053,0.000
7,1,2,0.053,-0.031
7,1,3,0.053,0.006
7,2,0,0.053,0.006
7,2,1,0.053,-0.031
7,2,2,0.053,0.000
7,2,3,0.053,-0.028
7,3,0,0.053,-0.000
7,3,1,0.053,0.006
7,3,2,0.053,-0.028
7,3,3,0.053,0.000
8,0,0,0.068,0.000
8,0,1,0.068,-0.028
8,0,2,0.068,0.007
8,0,3,0.068,-0.001
8,1,0,0.068,-0.028
8,1,1,0.068,0.000
8,1,2,0.068,-0.033
8,1,3,0.068,0.007
8,2,0,0.068,0.007
8,2,1,0.068,-0.033
8,2,2,0.068,0.000
8,2,3,0.068,-0.028
8,3,0,0.068,-0.001
8,3,1,0.068,0.007
8,3,2,0.068,-0.028
8,3,3,0.068,0.000
9,0,0,0.083,0.000
9,0,1,0.083,-0.029
9,0,2,0.083,0.009
9,0,3,0.083,-0.001
9,1,0,0.083,-0.029
9,1,1,0.083,0.000
9,1,2,0.083,-0.035
9,1,3,0.083,0.009
9,2,0,0.083,0.009
9,2,1,0.083,-0.035
9,2,2,0.083,0.000
9,2,3,0.083,-0.029
9,3,0,0.083,-0.001
9,3,1,0.083,0.009
9,3,2,0.083,-0.029
9,3,3,0.083,0.000
10,0,0,0.097,0.000
10,0,1,0.097,-0.029
10,0,2,0.097,0.011
10,0,3,0.097,-0.002
10,1,0,0.097,-0.029
10,1,1,0.097,0.000
10,1,2,0.097,-0.037
10,1,3,0.097,0.011
10,2,0,0.097,0.011
10,2,1,0.097,-0.037
10,2,2,0.097,0.000
10,2,3,0.097,-0.029
10,3,0,0.097,-0.002
10,3,1,0.097,0.011
10,3,2,0.097,-0.029
10,3,3,0.097,0.000
11,0,0,0.112,0.000
11,0,1,0.112,-0.030
11,0,2,0.112,0.013
11,0,3,0.112,-0.002
11,1,0,0.112,-0.030
11,1,1,0.112,0.000
11,1,2,0.112,-0.039
11,1,3,0.112,0.013
11,2,0,0.112,0.013
11,2,1,0.112,-0.039
11,2,2,0.112,0.000
11,2,3,0.112,-0.030
11,3,0,0.112,-0.002
11,3,1,0.112,0.013
11,3,2,0.112,-0.030
11,3,3,0.112,0.000
12,0,0,0.127,0.000
12,0,1,0.127,-0.030
12,0,2,0.127,0.016
12,0,3,0.127,-0.003
12,1,0,0.127,-0.030
12,1,1,0.127,0.000
12,1,2,0.127,-0.042
12,1,3,0.127,0.015
12,2,0,0.127,0.016
12,2,1,0.127,-0.042
12,2,2,0.127,0.000
12,2,3,0.127,-0.031
12,3,0,0.127,-0.003
12,3,1,0.127,0.015
12,3,2,0.127,-0.031
12,3,3,0.127,0.000
13,0,0,0.142,0.000
13,0,1,0.142,-0.030
13,0,2,0.142,0.018
13,0,3,0.142,-0.004
13,1,0,0.142,-0.030
13,1,1,0.142,0.000
13,1,2,0.142,-0.045
13,1,3,0.142,0.018
13,2,0,0.142,0.018
13,2,1,0.142,-0.045
13,2,2,0.142,0.000
13,2,3,0.142,-0.031
13,3,0,0.142,-0.004
13,3,1,0.142,0.018
13,3,2,0.142,-0.031
13,3,3,0.142,0.000
14,0,0,0.157,0.000
14,0,1,0.157,-0.031
14,0,2,0.157,0.020
14,0,3,0.157,-0.005
14,1,0,0.157,-0.031
14,1,1,0.157,0.000
14,1,2,0.157,-0.047
14,1,3,0.157,0.020
14,2,0,0.157,0.020
14,2,1,0.157,-0.047
14,2,2,0.157,0.000
14,2,3,0.157,-0.032
14,3,0,0.157,-0.005
14,3,1,0.157,0.020
14,3,2,0.157,-0.032
14,3,3,0.157,0.000
15,0,0,0.172,0.000
15,0,1,0.172,-0.031
15,0,2,0.172,0.023
15,0,3,0.172,-0.007
15,1,0,0.172,-0.031
15,1,1,0.172,0.000
15,1,2,0.172,-0.050
15,1,3,0.172,0.022
15,2,0,0.172,0.023
15,2,1,0.172,-0.050
15,2,2,0.172,0.000
15,2,3,0.172,-0.032
15,3,0,0.172,-0.007
15,3,1,0.172,0.022
15,3,2,0.172,-0.032
15,3,3,0.172,0.000
16,0,0,0.187,0.000
16,0,1,0.187,-0.031
16,0,2,0.187,0.026
16,0,3,0.187,-0.008
16,1,0,0.187,-0.031
16,1,1,0.187,0.000
16,1,2,0.187,-0.054
16,1,3,0.187,0.025
16,2,0,0.187,0.026
16,2,1,0.187,-0.054
16,2,2,0.187,0.000
16,2,3,0.187,-0.033
16,3,0,0.187,-0.008
16,3,1,0.187,0.025
16,3,2,0.187,-0.033
16,3,3,0.187,0.000
17,0,0,0.202,0.000
17,0,1,0.202,-0.031
17,0,2,0.202,0.029
17,0,3,0.202,-0.010
17,1,0,0.202,-0.031
17,1,1,0.202,0.000
17,1,2,0.202,-0.057
17,1,3,0.202,0.027
17,2,0,0.202,0.029
17,2,1,0.202,-0.057
17,2,2,0.202,0.000
17,2,3,0.202,-0.033
17,3,0,0.202,-0.010
17,3,1,0.202,0.027
17,3,2,0.202,-0.033
17,3,3,0.202,0.000
18,0,0,0.218,0.000
18,0,1,0.218,-0.032
18,0,2,0.218,0.032
18,0,3,0.218,-0.011
18,1,0,0.218,-0.032
18,1,1,0.218,0.000
18,1,2,0.218,-0.060
18,1,3,0.218,0.030
18,2,0,0.218,0.032
18,2,1,0.218,-0.060
18,2,2,0.218,0.000
18,2,3,0.218,-0.034
18,3,0,0.218,-0.011
18,3,1,0.218,0.030
18,3,2,0.218,-0.034
18,3,3,0.218,0.000
19,0,0,0.231,0.000
19,0,1,0.231,-0.032
19,0,2,0.231,0.035
19,0,3,0.231,-0.013
19,1,0,0.231,-0.032
19,1,1,0.231,0.000
19,1,2,0.231,-0.064
19,1,3,0.231,0.033
19,2,0,0.231,0.035
19,2,1,0.231,-0.064
19,2,2,0.231,0.000
19,2,3,0.231,-0.034
19,3,0,0.231,-0.013
19,3,1,0.231,0.033
19,3,2,0.231,-0.034
19,3,3,0.231,0.000
20,0,0,0.245,0.000
20,0,1,0.245,-0.032
20,0,2,0.245,0.038
20,0,3,0.245,-0.015
20,1,0,0.245,-0.032
20,1,1,0.245,0.000
20,1,2,0.245,-0.067
20,1,3,0.245,0.035
20,2,0,0.245,0.038
20,2,1,0.245,-0.067
20,2,2,0.245,0.000
20,2,3,0.245,-0.034
20,3,0,0.245,-0.015
20,3,1,0.245,0.035
20,3,2,0.245,-0.034
20,3,3,0.245,0.000
21,0,0,0.259,0.000
21,0,1,0.259,-0.032
21,0,2,0.259,0.041
21,0,3,0.259,-0.017
21,1,0,0.259,-0.032
21,1,1,0.259,0.000
21,1,2,0.259,-0.071
21,1,3,0.259,0.038
21,2,0,0.259,0.041
21,2,1,0.259,-0.071
21,2,2,0.259,0.000
21,2,3,0.259,-0.035
21,3,0,0.259,-0.017
21,3,1,0.259,0.038
21,3,2,0.259,-0.035
21,3,3,0.259,0.000
22,0,0,0.274,0.000
22,0,1,0.274,-0.031
22,0,2,0.274,0.044
22,0,3,0.274,-0.019
22,1,0,0.274,-0.031
22,1,1,0.274,0.000
22,1,2,0.274,-0.074
22,1,3,0.274,0.041
22,2,0,0.274,0.044
22,2,1,0.274,-0.074
22,2,2,0.274,0.000
22,2,3,0.274,-0.035
22,3,0,0.274,-0.019
22,3,1,0.274,0.041
22,3,2,0.274,-0.035
22,3,3,0.274,0.000
23,0,0,0.281,0.000
23,0,1,0.281,-0.031
23,0,2,0.281,0.046
23,0,3,0.281,-0.020
23,1,0,0.281,-0.031
23,1,1,0.281,0.000
23,1,2,0.281,-0.076
23,1,3,0.281,0.042
23,2,0,0.281,0.046
23,2,1,0.281,-0.076
23,2,2,0.281,0.000
23,2,3,0.281,-0.035
23,3,0,0.281,-0.020
23,3,1,0.281,0.042
23,3,2,0.281,-0.035
23,3,3,0.281,0.000
24,0,0,0.289,0.000
24,0,1,0.289,-0.031
24,0,2,0.289,0.048
24,0,3,0.289,-0.022
24,1,0,0.289,-0.031
24,1,1,0.289,0.000
24,1,2,0.289,-0.078
24,1,3,0.289,0.044
24,2,0,0.289,0.048
24,2,1,0.289,-0.078
24,2,2,0.289,0.000
24,2,3,0.289,-0.035
24,3,0,0.289,-0.022
24,3,1,0.289,0.044
24,3,2,0.289,-0.035
24,3,3,0.289,0.000
25,0,0,0.297,0.000
25,0,1,0.297,-0.031
25,0,2,0.297,0.050
25,0,3,0.297,-0.023
25,1,0,0.297,-0.031
25,1,1,0.297,0.000
25,1,2,0.297,-0.081
25,1,3,0.297,0.045
25,2,0,0.297,0.050
25,2,1,0.297,-0.081
25,2,2,0.297,0.000
25,2,3,0.297,-0.035
25,3,0,0.297,-0.023
25,3,1,0.297,0.045
25,3,2,0.297,-0.035
25,3,3,0.297,0.000
26,0,0,0.305,0.000
26,0,1,0.305,-0.031
26,0,2,0.305,0.052
26,0,3,0.305,-0.024
26,1,0,0.305,-0.031
26,1,1,0.305,0.000
26,1,2,0.305,-0.083
26,1,3,0.305,0.047
26,2,0,0.305,0.052
26,2,1,0.305,-0.083
26,2,2,0.305,0.000
26,2,3,0.305,-0.036
26,3,0,0.305,-0.024
26,3,1,0.305,0.047
26,3,2,0.305,-0.036
26,3,3,0.305,0.000
27,0,0,0.313,0.000
27,0,1,0.313,-0.031
27,0,2,0.313,0.054
27,0,3,0.313,-0.026
27,1,0,0.313,-0.031
27,1,1,0.313,0.000
27,1,2,0.313,-0.085
27,1,3,0.313,0.049
27,2,0,0.313,0.054
27,2,1,0.313,-0.085
27,2,2,0.313,0.000
27,2,3,0.313,-0.036
27,3,0,0.313,-0.026
27,3,1,0.313,0.049
27,3,2,0.313,-0.036
27,3,3,0.313,0.000
28,0,0,0.321,0.000
28,0,1,0.321,-0.031
28,0,2,0.321,0.056
28,0,3,0.321,-0.027
28,1,0,0.321,-0.031
28,1,1,0.321,0.000
28,1,2,0.321,-0.087
28,1,3,0.321,0.050
28,2,0,0.321,0.056
28,2,1,0.321,-0.087
28,2,2,0.321,0.000
28,2,3,0.321,-0.036
28,3,0,0.321,-0.027
28,3,1,0.321,0.050
28,3,2,0.321,-0.036
28,3,3,0.321,0.000
29,0,0,0.329,0.000
29,0,1,0.329,-0.031
29,0,2,0.329,0.058
29,0,3,0.329,-0.029
29,1,0,0.329,-0.031
29,1,1,0.329,0.000
29,1,2,0.329,-0.089
29,1,3,0.329,0.052
29,2,0,0.329,0.058
29,2,1,0.329,-0.089
29,2,2,0.329,0.000
29,2,3,0.329,-0.036
29,3,0,0.329,-0.029
29,3,1,0.329,0.052
29,3,2,0.329,-0.036
29,3,3,0.329,0.000
30,0,0,0.337,0.000
30,0,1,0.337,-0.031
30,0,2,0.337,0.060
30,0,3,0.337,-0.030
30,1,0,0.337,-0.031
30,1,1,0.337,0.000
30,1,2,0.337,-0.092
30,1,3,0.337,0.054
30,2,0,0.337,0.060
30,2,1,0.337,-0.092
30,2,2,0.337,0.000
30,2,3,0.337,-0.036
30,3,0,0.337,-0.030
30,3,1,0.337,0.054
30,3,2,0.337,-0.036
30,3,3,0.337,0.000
31,0,0,0.345,0.000
31,0,1,0.345,-0.030
31,0,2,0.345,0.062
31,0,3,0.345,-0.032
31,1,0,0.345,-0.030
31,1,1,0.345,0.000
31,1,2,0.345,-0.094
31,1,3,0.345,0.055
31,2,0,0.345,0.062
31,2,1,0.345,-0.094
31,2,2,0.345,0.000
31,2,3,0.345,-0.036
31,3,0,0.345,-0.032
31,3,1,0.345,0.055
31,3,2,0.345,-0.036
31,3,3,0.345,0.000
32,0,0,0.353,0.000
32,0,1,0.353,-0.030
32,0,2,0.353,0.064
32,0,3,0.353,-0.033
32,1,0,0.353,-0.030
32,1,1,0.353,0.000
32,1,2,0.353,-0.096
32,1,3,0.353,0.057
32,2,0,0.353,0.064
32,2,1,0.353,-0.096
32,2,2,0.353,0.000
32,2,3,0.353,-0.036
32,3,0,0.353,-0.033
32,3,1,0.353,0.057
32,3,2,0.353,-0.036
32,3,3,0.353,0.000
33,0,0,0.361,0.000
33,0,1,0.361,-0.030
33,0,2,0.361,0.067
33,0,3,0.361,-0.035
33,1,0,0.361,-0.030
33,1,1,0.361,0.000
33,1,2,0.361,-0.099
33,1,3,0.361,0.058
33,2,0,0.361,0.067
33,2,1,0.361,-0.099
33,2,2,0.361,0.000
33,2,3,0.361,-0.036
33,3,0,0.361,-0.035
33,3,1,0.361,0.058
33,3,2,0.361,-0.036
33,3,3,0.361,0.000
34,0,0,0.369,0.000
34,0,1,0.369,-0.030
34,0,2,0.369,0.069
34,0,3,0.369,-0.037
34,1,0,0.369,-0.030
34,1,1,0.369,0.000
34,1,2,0.369,-0.101
34,1,3,0.369,0.060
34,2,0,0.369,0.069
34,2,1,0.369,-0.101
34,2,2,0.369,0.000
34,2,3,0.369,-0.036
34,3,0,0.369,-0.037
34,3,1,0.369,0.060
34,3,2,0.369,-0.036
34,3,3,0.369,0.000
35,0,0,0.377,0.000
35,0,1,0.377,-0.030
35,0,2,0.377,0.071
35,0,3,0.377,-0.038
35,1,0,0.377,-0.030
35,1,1,0.377,0.000
35,1,2,0.377,-0.103
35,1,3,0.377,0.062
35,2,0,0.377,0.071
35,2,1,0.377,-0.103
35,2,2,0.377,0.000
35,2,3,0.377,-0.036
35,3,0,0.377,-0.038
35,3,1,0.377,0.062
35,3,2,0.377,-0.036
35,3,3,0.377,0.000
36,0,0,0.385,0.000
36,0,1,0.385,-0.029
36,0,2,0.385,0.073
36,0,3,0.385,-0.040
36,1,0,0.385,-0.029
36,1,1,0.385,0.000
36,1,2,0.385,-0.106
36,1,3,0.385,0.063
36,2,0,0.385,0.073
36,2,1,0.385,-0.106
36,2,2,0.385,0.000
36,2,3,0.385,-0.036
36,3,0,0.385,-0.040
36,3,1,0.385,0.063
36,3,2,0.385,-0.036
36,3,3,0.385,0.000
37,0,0,0.393,0.000
37,0,1,0.393,-0.029
37,0,2,0.393,0.076
37,0,3,0.393,-0.042
37,1,0,0.393,-0.029
37,1,1,0.393,0.000
37,1,2,0.393,-0.108
37,1,3,0.393,0.065
37,2,0,0.393,0.076
37,2,1,0.393,-0.108
37,2,2,0.393,0.000
37,2,3,0.393,-0.036
37,3,0,0.393,-0.042
37,3,1,0.393,0.065
37,3,2,0.393,-0.036
37,3,3,0.393,0.000
38,0,0,0.401,0.000
38,0,1,0.401,-0.029
38,0,2,0.401,0.078
38,0,3,0.401,-0.044
38,1,0,0.401,-0.029
38,1,1,0.401,0.000
38,1,2,0.401,-0.110
38,1,3,0.401,0.066
38,2,0,0.401,0.078
38,2,1,0.401,-0.110
38,2,2,0.401,0.000
38,2,3,0.401,-0.037
38,3,0,0.401,-0.044
38,3,1,0.401,0.066
38,3,2,0.401,-0.037
38,3,3,0.401,0.000
39,0,0,0.409,0.000
39,0,1,0.409,-0.029
39,0,2,0.409,0.081
39,0,3,0.409,-0.046
39,1,0,0.409,-0.029
39,1,1,0.409,0.000
39,1,2,0.409,-0.113
39,1,3,0.409,0.068
39,2,0,0.409,0.081
39,2,1,0.409,-0.113
39,2,2,0.409,0.000
39,2,3,0.409,-0.037
39,3,0,0.409,-0.046
39,3,1,0.409,0.068
39,3,2,0.409,-0.037
39,3,3,0.409,0.000
40,0,0,0.417,0.000
40,0,1,0.417,-0.028
40,0,2,0.417,0.083
40,0,3,0.417,-0.047
40,1,0,0.417,-0.028
40,1,1,0.417,0.000
40,1,2,0.417,-0.115
40,1,3,0.417,0.069
40,2,0,0.417,0.083
40,2,1,0.417,-0.115
40,2,2,0.417,0.000
40,2,3,0.417,-0.037
40,3,0,0.417,-0.047
40,3,1,0.417,0.069
40,3,2,0.417,-0.037
40,3,3,0.417,0.000
41,0,0,0.426,0.000
41,0,1,0.426,-0.028
41,0,2,0.426,0.086
41,0,3,0.426,-0.049
41,1,0,0.426,-0.028
41,1,1,0.426,0.000
41,1,2,0.426,-0.118
41,1,3,0.426,0.071
41,2,0,0.426,0.086
41,2,1,0.426,-0.118
41,2,2,0.426,0.000
41,2,3,0.426,-0.037
41,3,0,0.426,-0.049
41,3,1,0.426,0.071
41,3,2,0.426,-0.037
41,3,3,0.426,0.000
42,0,0,0.434,0.000
42,0,1,0.434,-0.028
42,0,2,0.434,0.088
42,0,3,0.434,-0.051
42,1,0,0.434,-0.028
42,1,1,0.434,0.000
42,1,2,0.434,-0.120
42,1,3,0.434,0.072
42,2,0,0.434,0.088
42,2,1,0.434,-0.120
42,2,2,0.434,0.000
42,2,3,0.434,-0.037
42,3,0,0.434,-0.051
42,3,1,0.434,0.072
42,3,2,0.434,-0.037
42,3,3,0.434,0.000
43,0,0,0.442,0.000
43,0,1,0.442,-0.028
43,0,2,0.442,0.091
43,0,3,0.442,-0.053
43,1,0,0.442,-0.028
43,1,1,0.442,0.000
43,1,2,0.442,-0.123
43,1,3,0.442,0.074
43,2,0,0.442,0.091
43,2,1,0.442,-0.123
43,2,2,0.442,0.000
43,2,3,0.442,-0.037
43,3,0,0.442,-0.053
43,3,1,0.442,0.074
43,3,2,0.442,-0.037
43,3,3,0.442,0.000
44,0,0,0.451,0.000
44,0,1,0.451,-0.027
44,0,2,0.451,0.093
44,0,3,0.451,-0.055
44,1,0,0.451,-0.027
44,1,1,0.451,0.000
44,1,2,0.451,-0.125
44,1,3,0.451,0.075
44,2,0,0.451,0.093
44,2,1,0.451,-0.125
44,2,2,0.451,0.000
44,2,3,0.451,-0.037
44,3,0,0.451,-0.055
44,3,1,0.451,0.075
44,3,2,0.451,-0.037
44,3,3,0.451,0.000
45,0,0,0.459,0.000
45,0,1,0.459,-0.027
45,0,2,0.459,0.096
45,0,3,0.459,-0.057
45,1,0,0.459,-0.027
45,1,1,0.459,0.000
45,1,2,0.459,-0.127
45,1,3,0.459,0.077
45,2,0,0.459,0.096
45,2,1,0.459,-0.127
45,2,2,0.459,0.000
45,2,3,0.459,-0.037
45,3,0,0.459,-0.057
45,3,1,0.459,0.077
45,3,2,0.459,-0.037
45,3,3,0.459,0.000
46,0,0,0.468,0.000
46,0,1,0.468,-0.027
46,0,2,0.468,0.098
46,0,3,0.468,-0.059
46,1,0,0.468,-0.027
46,1,1,0.468,0.000
46,1,2,0.468,-0.130
46,1,3,0.468,0.078
46,2,0,0.468,0.098
46,2,1,0.468,-0.130
46,2,2,0.468,0.000
46,2,3,0.468,-0.037
46,3,0,0.468,-0.059
46,3,1,0.468,0.078
46,3,2,0.468,-0.037
46,3,3,0.468,0.000
47,0,0,0.477,0.000
47,0,1,0.477,-0.026
47,0,2,0.477,0.101
47,0,3,0.477,-0.060
47,1,0,0.477,-0.026
47,1,1,0.477,0.000
47,1,2,0.477,-0.132
47,1,3,0.477,0.080
47,2,0,0.477,0.101
47,2,1,0.477,-0.132
47,2,2,0.477,0.000
47,2,3,0.477,-0.036
47,3,0,0.477,-0.060
47,3,1,0.477,0.080
47,3,2,0.477,-0.036
47,3,3,0.477,0.000
48,0,0,0.485,0.000
48,0,1,0.485,-0.026
48,0,2,0.485,0.104
48,0,3,0.485,-0.062
48,1,0,0.485,-0.026
48,1,1,0.485,0.000
48,1,2,0.485,-0.135
48,1,3,0.485,0.081
48,2,0,0.485,0.104
48,2,1,0.485,-0.135
48,2,2,0.485,0.000
48,2,3,0.485,-0.036
48,3,0,0.485,-0.062
48,3,1,0.485,0.081
48,3,2,0.485,-0.036
48,3,3,0.485,0.000
49,0,0,0.494,0.000
49,0,1,0.494,-0.026
49,0,2,0.494,0.107
49,0,3,0.494,-0.064
49,1,0,0.494,-0.026
49,1,1,0.494,0.000
49,1,2,0.494,-0.137
49,1,3,0.494,0.082
49,2,0,0.494,0.107
49,2,1,0.494,-0.137
49,2,2,0.494,0.000
49,2,3,0.494,-0.036
49,3,0,0.494,-0.064
49,3,1,0.494,0.082
49,3,2,0.494,-0.036
49,3,3,0.494,0.000
50,0,0,0.503,0.000
50,0,1,0.503,-0.025
50,0,2,0.503,0.109
50,0,3,0.503,-0.066
50,1,0,0.503,-0.025
50,1,1,0.503,0.000
50,1,2,0.503,-0.140
50,1,3,0.503,0.083
50,2,0,0.503,0.109
50,2,1,0.503,-0.140
50,2,2,0.503,0.000
50,2,3,0.503,-0.036
50,3,0,0.503,-0.066
50,3,1,0.503,0.083
50,3,2,0.503,-0.036
50,3,3,0.503,0.000
51,0,0,0.512,0.000
51,0,1,0.512,-0.025
51,0,2,0.512,0.112
51,0,3,0.512,-0.068
51,1,0,0.512,-0.025
51,1,1,0.512,0.000
51,1,2,0.512,-0.143
51,1,3,0.512,0.085
51,2,0,0.512,0.112
51,2,1,0.512,-0.143
51,2,2,0.512,0.000
51,2,3,0.512,-0.036
51,3,0,0.512,-0.068
51,3,1,0.512,0.085
51,3,2,0.512,-0.036
51,3,3,0.512,0.000
52,0,0,0.521,0.000
52,0,1,0.521,-0.025
52,0,2,0.521,0.115
52,0,3,0.521,-0.070
52,1,0,0.521,-0.025
52,1,1,0.521,0.000
52,1,2,0.521,-0.145
52,1,3,0.521,0.086
52,2,0,0.521,0.115
52,2,1,0.521,-0.145
52,2,2,0.521,0.000
52,2,3,0.521,-0.036
52,3,0,0.521,-0.070
52,3,1,0.521,0.086
52,3,2,0.521,-0.036
52,3,3,0.521,0.000
53,0,0,0.530,0.000
53,0,1,0.530,-0.024
53,0,2,0.530,0.118
53,0,3,0.530,-0.072
53,1,0,0.530,-0.024
53,1,1,0.530,0.000
53,1,2,0.530,-0.148
53,1,3,0.530,0.087
53,2,0,0.530,0.118
53,2,1,0.530,-0.148
53,2,2,0.530,0.000
53,2,3,0.530,-0.036
53,3,0,0.530,-0.072
53,3,1,0.530,0.087
53,3,2,0.530,-0.036
53,3,3,0.530,0.000
54,0,0,0.540,0.000
54,0,1,0.540,-0.024
54,0,2,0.540,0.121
54,0,3,0.540,-0.073
54,1,0,0.540,-0.024
54,1,1,0.540,0.000
54,1,2,0.540,-0.150
54,1,3,0.540,0.088
54,2,0,0.540,0.121
54,2,1,0.540,-0.150
54,2,2,0.540,0.000
54,2,3,0.540,-0.036
54,3,0,0.540,-0.073
54,3,1,0.540,0.088
54,3,2,0.540,-0.036
54,3,3,0.540,0.000
55,0,0,0.549,0.000
55,0,1,0.549,-0.024
55,0,2,0.549,0.124
55,0,3,0.549,-0.075
55,1,0,0.549,-0.024
55,1,1,0.549,0.000
55,1,2,0.549,-0.153
55,1,3,0.549,0.089
55,2,0,0.549,0.124
55,2,1,0.549,-0.153
55,2,2,0.549,0.000
55,2,3,0.549,-0.036
55,3,0,0.549,-0.075
55,3,1,0.549,0.089
55,3,2,0.549,-0.036
55,3,3,0.549,0.000
56,0,0,0.559,0.000
56,0,1,0.559,-0.023
56,0,2,0.559,0.127
56,0,3,0.559,-0.077
56,1,0,0.559,-0.023
56,1,1,0.559,0.000
56,1,2,0.559,-0.156
56,1,3,0.559,0.090
56,2,0,0.559,0.127
56,2,1,0.559,-0.156
56,2,2,0.559,0.000
56,2,3,0.559,-0.036
56,3,0,0.559,-0.077
56,3,1,0.559,0.090
56,3,2,0.559,-0.036
56,3,3,0.559,0.000
57,0,0,0.569,0.000
57,0,1,0.569,-0.023
57,0,2,0.569,0.130
57,0,3,0.569,-0.079
57,1,0,0.569,-0.023
57,1,1,0.569,0.000
57,1,2,0.569,-0.158
57,1,3,0.569,0.090
57,2,0,0.569,0.130
57,2,1,0.569,-0.158
57,2,2,0.569,0.000
57,2,3,0.569,-0.036
57,3,0,0.569,-0.079
57,3,1,0.569,0.090
57,3,2,0.569,-0.036
57,3,3,0.569,0.000
58,0,0,0.579,0.000
58,0,1,0.579,-0.023
58,0,2,0.579,0.133
58,0,3,0.579,-0.080
58,1,0,0.579,-0.023
58,1,1,0.579,0.000
58,1,2,0.579,-0.161
58,1,3,0.579,0.091
58,2,0,0.579,0.133
58,2,1,0.579,-0.161
58,2,2,0.579,0.000
58,2,3,0.579,-0.035
58,3,0,0.579,-0.080
58,3,1,0.579,0.091
58,3,2,0.579,-0.035
58,3,3,0.579,0.000
59,0,0,0.589,0.000
59,0,1,0.589,-0.022
59,0,2,0.589,0.136
59,0,3,0.589,-0.082
59,1,0,0.589,-0.022
59,1,1,0.589,0.000
59,1,2,0.589,-0.164
59,1,3,0.589,0.092
59,2,0,0.589,0.136
59,2,1,0.589,-0.164
59,2,2,0.589,0.000
59,2,3,0.589,-0.035
59,3,0,0.589,-0.082
59,3,1,0.589,0.092
59,3,2,0.589,-0.035
59,3,3,0.589,0.000
60,0,0,0.599,0.000
60,0,1,0.599,-0.022
60,0,2,0.599,0.139
60,0,3,0.599,-0.084
60,1,0,0.599,-0.022
60,1,1,0.599,0.000
60,1,2,0.599,-0.166
60,1,3,0.599,0.093
60,2,0,0.599,0.139
60,2,1,0.599,-0.166
60,2,2,0.599,0.000
60,2,3,0.599,-0.035
60,3,0,0.599,-0.084
60,3,1,0.599,0.093
60,3,2,0.599,-0.035
60,3,3,0.599,0.000
61,0,0,0.609,0.000
61,0,1,0.609,-0.022
61,0,2,0.609,0.143
61,0,3,0.609,-0.085
61,1,0,0.609,-0.022
61,1,1,0.609,0.000
61,1,2,0.609,-0.169
61,1,3,0.609,0.093
61,2,0,0.609,0.143
61,2,1,0.609,-0.169
61,2,2,0.609,0.000
61,2,3,0.609,-0.035
61,3,0,0.609,-0.085
61,3,1,0.609,0.093
61,3,2,0.609,-0.035
61,3,3,0.609,0.000
62,0,0,0.620,0.000
62,0,1,0.620,-0.021
62,0,2,0.620,0.146
62,0,3,0.620,-0.087
62,1,0,0.620,-0.021
62,1,1,0.620,0.000
62,1,2,0.620,-0.172
62,1,3,0.620,0.094
62,2,0,0.620,0.146
62,2,1,0.620,-0.172
62,2,2,0.620,0.000
62,2,3,0.620,-0.035
62,3,0,0.620,-0.087
62,3,1,0.620,0.094
62,3,2,0.620,-0.035
62,3,3,0.620,0.000
63,0,0,0.631,0.000
63,0,1,0.631,-0.021
63,0,2,0.631,0.149
63,0,3,0.631,-0.088
63,1,0,0.631,-0.021
63,1,1,0.631,0.000
63,1,2,0.631,-0.175
63,1,3,0.631,0.094
63,2,0,0.631,0.149
63,2,1,0.631,-0.175
63,2,2,0.631,0.000
63,2,3,0.631,-0.035
63,3,0,0.631,-0.088
63,3,1,0.631,0.094
63,3,2,0.631,-0.035
63,3,3,0.631,0.000
64,0,0,0.642,0.000
64,0,1,0.642,-0.020
64,0,2,0.642,0.153
64,0,3,0.642,-0.089
64,1,0,0.642,-0.020
64,1,1,0.642,0.000
64,1,2,0.642,-0.178
64,1,3,0.642,0.094
64,2,0,0.642,0.153
64,2,1,0.642,-0.178
64,2,2,0.642,0.000
64,2,3,0.642,-0.034
64,3,0,0.642,-0.089
64,3,1,0.642,0.094
64,3,2,0.642,-0.034
64,3,3,0.642,0.000
65,0,0,0.653,0.000
65,0,1,0.653,-0.020
65,0,2,0.653,0.156
65,0,3,0.653,-0.091
65,1,0,0.653,-0.020
65,1,1,0.653,0.000
65,1,2,0.653,-0.181
65,1,3,0.653,0.094
65,2,0,0.653,0.156
65,2,1,0.653,-0.181
65,2,2,0.653,0.000
65,2,3,0.653,-0.034
65,3,0,0.653,-0.091
65,3,1,0.653,0.094
65,3,2,0.653,-0.034
65,3,3,0.653,0.000
66,0,0,0.665,0.000
66,0,1,0.665,-0.020
66,0,2,0.665,0.160
66,0,3,0.665,-0.092
66,1,0,0.665,-0.020
66,1,1,0.665,0.000
66,1,2,0.665,-0.184
66,1,3,0.665,0.095
66,2,0,0.665,0.160
66,2,1,0.665,-0.184
66,2,2,0.665,0.000
66,2,3,0.665,-0.034
66,3,0,0.665,-0.092
66,3,1,0.665,0.095
66,3,2,0.665,-0.034
66,3,3,0.665,0.000
67,0,0,0.677,0.000
67,0,1,0.677,-0.019
67,0,2,0.677,0.163
67,0,3,0.677,-0.093
67,1,0,0.677,-0.019
67,1,1,0.677,0.000
67,1,2,0.677,-0.187
67,1,3,0.677,0.094
67,2,0,0.677,0.163
67,2,1,0.677,-0.187
67,2,2,0.677,0.000
67,2,3,0.677,-0.034
67,3,0,0.677,-0.093
67,3,1,0.677,0.094
67,3,2,0.677,-0.034
67,3,3,0.677,0.000
68,0,0,0.689,0.000
68,0,1,0.689,-0.019
68,0,2,0.689,0.167
68,0,3,0.689,-0.094
68,1,0,0.689,-0.019
68,1,1,0.689,0.000
68,1,2,0.689,-0.190
68,1,3,0.689,0.094
68,2,0,0.689,0.167
68,2,1,0.689,-0.190
68,2,2,0.689,0.000
68,2,3,0.689,-0.033
68,3,0,0.689,-0.094
68,3,1,0.689,0.094
68,3,2,0.689,-0.033
68,3,3,0.689,0.000
69,0,0,0.702,0.000
69,0,1,0.702,-0.019
69,0,2,0.702,0.171
69,0,3,0.702,-0.095
69,1,0,0.702,-0.019
69,1,1,0.702,0.000
69,1,2,0.702,-0.194
69,1,3,0.702,0.094
69,2,0,0.702,0.171
69,2,1,0.702,-0.194
69,2,2,0.702,0.000
69,2,3,0.702,-0.033
69,3,0,0.702,-0.095
69,3,1,0.702,0.094
69,3,2,0.702,-0.033
69,3,3,0.702,0.000
70,0,0,0.715,0.000
70,0,1,0.715,-0.018
70,0,2,0.715,0.175
70,0,3,0.715,-0.095
70,1,0,0.715,-0.018
70,1,1,0.715,0.000
70,1,2,0.715,-0.197
70,1,3,0.715,0.094
70,2,0,0.715,0.175
70,2,1,0.715,-0.197
70,2,2,0.715,0.000
70,2,3,0.715,-0.033
70,3,0,0.715,-0.095
70,3,1,0.715,0.094
70,3,2,0.715,-0.033
70,3,3,0.715,0.000
71,0,0,0.728,0.000
71,0,1,0.728,-0.018
71,0,2,0.728,0.179
71,0,3,0.728,-0.096
71,1,0,0.728,-0.018
71,1,1,0.728,0.000
71,1,2,0.728,-0.201
71,1,3,0.728,0.093
71,2,0,0.728,0.179
71,2,1,0.728,-0.201
71,2,2,0.728,0.000
71,2,3,0.728,-0.032
71,3,0,0.728,-0.096
71,3,1,0.728,0.093
71,3,2,0.728,-0.032
71,3,3,0.728,0.000
72,0,0,0.742,0.000
72,0,1,0.742,-0.018
72,0,2,0.742,0.183
72,0,3,0.742,-0.096
72,1,0,0.742,-0.018
72,1,1,0.742,0.000
72,1,2,0.742,-0.204
72,1,3,0.742,0.093
72,2,0,0.742,0.183
72,2,1,0.742,-0.204
72,2,2,0.742,0.000
72,2,3,0.742,-0.032
72,3,0,0.742,-0.096
72,3,1,0.742,0.093
72,3,2,0.742,-0.032
72,3,3,0.742,0.000
73,0,0,0.756,0.000
73,0,1,0.756,-0.017
73,0,2,0.756,0.187
73,0,3,0.756,-0.097
73,1,0,0.756,-0.017
73,1,1,0.756,0.000
73,1,2,0.756,-0.208
73,1,3,0.756,0.092
73,2,0,0.756,0.187
73,2,1,0.756,-0.208
73,2,2,0.756,0.000
73,2,3,0.756,-0.032
73,3,0,0.756,-0.097
73,3,1,0.756,0.092
73,3,2,0.756,-0.032
73,3,3,0.756,0.000
74,0,0,0.771,0.000
74,0,1,0.771,-0.017
74,0,2,0.771,0.192
74,0,3,0.771,-0.097
74,1,0,0.771,-0.017
74,1,1,0.771,0.000
74,1,2,0.771,-0.212
74,1,3,0.771,0.091
74,2,0,0.771,0.192
74,2,1,0.771,-0.212
74,2,2,0.771,0.000
74,2,3,0.771,-0.031
74,3,0,0.771,-0.097
74,3,1,0.771,0.091
74,3,2,0.771,-0.031
74,3,3,0.771,0.000
75,0,0,0.785,0.000
75,0,1,0.785,-0.017
75,0,2,0.785,0.196
75,0,3,0.785,-0.097
75,1,0,0.785,-0.017
75,1,1,0.785,0.000
75,1,2,0.785,-0.216
75,1,3,0.785,0.090
75,2,0,0.785,0.196
75,2,1,0.785,-0.216
75,2,2,0.785,0.000
75,2,3,0.785,-0.031
75,3,0,0.785,-0.097
75,3,1,0.785,0.090
75,3,2,0.785,-0.031
75,3,3,0.785,0.000
76,0,0,0.799,0.000
76,0,1,0.799,-0.017
76,0,2,0.799,0.200
76,0,3,0.799,-0.096
76,1,0,0.799,-0.017
76,1,1,0.799,0.000
76,1,2,0.799,-0.220
76,1,3,0.799,0.089
76,2,0,0.799,0.200
76,2,1,0.799,-0.220
76,2,2,0.799,0.000
76,2,3,0.799,-0.031
76,3,0,0.799,-0.096
76,3,1,0.799,0.089
76,3,2,0.799,-0.031
76,3,3,0.799,0.000
77,0,0,0.814,0.000
77,0,1,0.814,-0.016
77,0,2,0.814,0.204
77,0,3,0.814,-0.096
77,1,0,0.814,-0.016
77,1,1,0.814,0.000
77,1,2,0.814,-0.224
77,1,3,0.814,0.087
77,2,0,0.814,0.204
77,2,1,0.814,-0.224
77,2,2,0.814,0.000
77,2,3,0.814,-0.030
77,3,0,0.814,-0.096
77,3,1,0.814,0.087
77,3,2,0.814,-0.030
77,3,3,0.814,0.000
78,0,0,0.830,0.000
78,0,1,0.830,-0.016
78,0,2,0.830,0.209
78,0,3,0.830,-0.096
78,1,0,0.830,-0.016
78,1,1,0.830,0.000
78,1,2,0.830,-0.228
78,1,3,0.830,0.086
78,2,0,0.830,0.209
78,2,1,0.830,-0.228
78,2,2,0.830,0.000
78,2,3,0.830,-0.030
78,3,0,0.830,-0.096
78,3,1,0.830,0.086
78,3,2,0.830,-0.030
78,3,3,0.830,0.000
79,0,0,0.846,0.000
79,0,1,0.846,-0.016
79,0,2,0.846,0.214
79,0,3,0.846,-0.095
79,1,0,0.846,-0.016
79,1,1,0.846,0.000
79,1,2,0.846,-0.233
79,1,3,0.846,0.084
79,2,0,0.846,0.214
79,2,1,0.846,-0.233
79,2,2,0.846,0.000
79,2,3,0.846,-0.029
79,3,0,0.846,-0.095
79,3,1,0.846,0.084
79,3,2,0.846,-0.029
79,3,3,0.846,0.000
80,0,0,0.863,0.000
80,0,1,0.863,-0.016
80,0,2,0.863,0.219
80,0,3,0.863,-0.094
80,1,0,0.863,-0.016
80,1,1,0.863,0.000
80,1,2,0.863,-0.238
80,1,3,0.863,0.082
80,2,0,0.863,0.219
80,2,1,0.863,-0.238
80,2,2,0.863,0.000
80,2,3,0.863,-0.029
80,3,0,0.863,-0.094
80,3,1,0.863,0.082
80,3,2,0.863,-0.029
80,3,3,0.863,0.000
81,0,0,0.881,0.000
81,0,1,0.881,-0.015
81,0,2,0.881,0.224
81,0,3,0.881,-0.093
81,1,0,0.881,-0.015
81,1,1,0.881,0.000
81,1,2,0.881,-0.243
81,1,3,0.881,0.080
81,2,0,0.881,0.224
81,2,1,0.881,-0.243
81,2,2,0.881,0.000
81,2,3,0.881,-0.028
81,3,0,0.881,-0.093
81,3,1,0.881,0.080
81,3,2,0.881,-0.028
81,3,3,0.881,0.000
82,0,0,0.905,0.000
82,0,1,0.905,-0.015
82,0,2,0.905,0.231
82,0,3,0.905,-0.091
82,1,0,0.905,-0.015
82,1,1,0.905,0.000
82,1,2,0.905,-0.249
82,1,3,0.905,0.077
82,2,0,0.905,0.231
82,2,1,0.905,-0.249
82,2,2,0.905,0.000
82,2,3,0.905,-0.028
82,3,0,0.905,-0.091
82,3,1,0.905,0.077
82,3,2,0.905,-0.028
82,3,3,0.905,0.000
83,0,0,0.930,0.000
83,0,1,0.930,-0.015
83,0,2,0.930,0.238
83,0,3,0.930,-0.088
83,1,0,0.930,-0.015
83,1,1,0.930,0.000
83,1,2,0.930,-0.256
83,1,3,0.930,0.074
83,2,0,0.930,0.238
83,2,1,0.930,-0.256
83,2,2,0.930,0.000
83,2,3,0.930,-0.027
83,3,0,0.930,-0.088
83,3,1,0.930,0.074
83,3,2,0.930,-0.027
83,3,3,0.930,0.000
84,0,0,0.956,0.000
84,0,1,0.956,-0.015
84,0,2,0.956,0.245
84,0,3,0.956,-0.086
84,1,0,0.956,-0.015
84,1,1,0.956,0.000
84,1,2,0.956,-0.264
84,1,3,0.956,0.070
84,2,0,0.956,0.245
84,2,1,0.956,-0.264
84,2,2,0.956,0.000
84,2,3,0.956,-0.026
84,3,0,0.956,-0.086
84,3,1,0.956,0.070
84,3,2,0.956,-0.026
84,3,3,0.956,0.000
85,0,0,0.982,0.000
85,0,1,0.982,-0.014
85,0,2,0.982,0.252
85,0,3,0.982,-0.083
85,1,0,0.982,-0.014
85,1,1,0.982,0.000
85,1,2,0.982,-0.271
85,1,3,0.982,0.067
85,2,0,0.982,0.252
85,2,1,0.982,-0.271
85,2,2,0.982,0.000
85,2,3,0.982,-0.026
85,3,0,0.982,-0.083
85,3,1,0.982,0.067
85,3,2,0.982,-0.026
85,3,3,0.982,0.000
86,0,0,1.026,0.000
86,0,1,1.026,-0.014
86,0,2,1.026,0.264
86,0,3,1.026,-0.078
86,1,0,1.026,-0.014
86,1,1,1.026,0.000
86,1,2,1.026,-0.283
86,1,3,1.026,0.060
86,2,0,1.026,0.264
86,2,1,1.026,-0.283
86,2,2,1.026,0.000
86,2,3,1.026,-0.025
86,3,0,1.026,-0.078
86,3,1,1.026,0.060
86,3,2,1.026,-0.025
86,3,3,1.026,0.000
87,0,0,1.070,0.000
87,0,1,1.070,-0.014
87,0,2,1.070,0.275
87,0,3,1.070,-0.072
87,1,0,1.070,-0.014
87,1,1,1.070,0.000
87,1,2,1.070,-0.294
87,1,3,1.070,0.054
87,2,0,1.070,0.275
87,2,1,1.070,-0.294
87,2,2,1.070,0.000
87,2,3,1.070,-0.024
87,3,0,1.070,-0.072
87,3,1,1.070,0.054
87,3,2,1.070,-0.024
87,3,3,1.070,0.000
88,0,0,1.112,0.000
88,0,1,1.112,-0.013
88,0,2,1.112,0.285
88,0,3,1.112,-0.067
88,1,0,1.112,-0.013
88,1,1,1.112,0.000
88,1,2,1.112,-0.305
88,1,3,1.112,0.047
88,2,0,1.112,0.285
88,2,1,1.112,-0.305
88,2,2,1.112,0.000
88,2,3,1.112,-0.023
88,3,0,1.112,-0.067
88,3,1,1.112,0.047
88,3,2,1.112,-0.023
88,3,3,1.112,0.000
89,0,0,1.155,0.000
89,0,1,1.155,-0.013
89,0,2,1.155,0.294
89,0,3,1.155,-0.061
89,1,0,1.155,-0.013
89,1,1,1.155,0.000
89,1,2,1.155,-0.314
89,1,3,1.155,0.041
89,2,0,1.155,0.294
89,2,1,1.155,-0.314
89,2,2,1.155,0.000
89,2,3,1.155,-0.022
89,3,0,1.155,-0.061
89,3,1,1.155,0.041
89,3,2,1.155,-0.022
89,3,3,1.155,0.000
90,0,0,1.186,0.000
90,0,1,1.186,-0.013
90,0,2,1.186,0.301
90,0,3,1.186,-0.057
90,1,0,1.186,-0.013
90,1,1,1.186,0.000
90,1,2,1.186,-0.321
90,1,3,1.186,0.037
90,2,0,1.186,0.301
90,2,1,1.186,-0.321
90,2,2,1.186,0.000
90,2,3,1.186,-0.021
90,3,0,1.186,-0.057
90,3,1,1.186,0.037
90,3,2,1.186,-0.021
90,3,3,1.186,0.000
91,0,0,1.217,0.000
91,0,1,1.217,-0.013
91,0,2,1.217,0.307
91,0,3,1.217,-0.053
91,1,0,1.217,-0.013
91,1,1,1.217,0.000
91,1,2,1.217,-0.327
91,1,3,1.217,0.033
91,2,0,1.217,0.307
91,2,1,1.217,-0.327
91,2,2,1.217,0.000
91,2,3,1.217,-0.020
91,3,0,1.217,-0.053
91,3,1,1.217,0.033
91,3,2,1.217,-0.020
91,3,3,1.217,0.000
92,0,0,1.248,0.000
92,0,1,1.248,-0.013
92,0,2,1.248,0.312
92,0,3,1.248,-0.050
92,1,0,1.248,-0.013
92,1,1,1.248,0.000
92,1,2,1.248,-0.333
92,1,3,1.248,0.028
92,2,0,1.248,0.312
92,2,1,1.248,-0.333
92,2,2,1.248,0.000
92,2,3,1.248,-0.020
92,3,0,1.248,-0.050
92,3,1,1.248,0.028
92,3,2,1.248,-0.020
92,3,3,1.248,0.000
93,0,0,1.279,0.000
93,0,1,1.279,-0.013
93,0,2,1.279,0.317
93,0,3,1.279,-0.046
93,1,0,1.279,-0.013
93,1,1,1.279,0.000
93,1,2,1.279,-0.339
93,1,3,1.279,0.025
93,2,0,1.279,0.317
93,2,1,1.279,-0.339
93,2,2,1.279,0.000
93,2,3,1.279,-0.019
93,3,0,1.279,-0.046
93,3,1,1.279,0.025
93,3,2,1.279,-0.019
93,3,3,1.279,0.000
94,0,0,1.310,0.000
94,0,1,1.310,-0.013
94,0,2,1.310,0.322
94,0,3,1.310,-0.043
94,1,0,1.310,-0.013
94,1,1,1.310,0.000
94,1,2,1.310,-0.344
94,1,3,1.310,0.021
94,2,0,1.310,0.322
94,2,1,1.310,-0.344
94,2,2,1.310,0.000
94,2,3,1.310,-0.019
94,3,0,1.310,-0.043
94,3,1,1.310,0.021
94,3,2,1.310,-0.019
94,3,3,1.310,0.000
95,0,0,1.341,0.000
95,0,1,1.341,-0.013
95,0,2,1.341,0.327
95,0,3,1.341,-0.040
95,1,0,1.341,-0.013
95,1,1,1.341,0.000
95,1,2,1.341,-0.349
95,1,3,1.341,0.018
95,2,0,1.341,0.327
95,2,1,1.341,-0.349
95,2,2,1.341,0.000
95,2,3,1.341,-0.018
95,3,0,1.341,-0.040
95,3,1,1.341,0.018
95,3,2,1.341,-0.018
95,3,3,1.341,0.000
96,0,0,1.373,0.000
96,0,1,1.373,-0.013
96,0,2,1.373,0.331
96,0,3,1.373,-0.037
96,1,0,1.373,-0.013
96,1,1,1.373,0.000
96,1,2,1.373,-0.353
96,1,3,1.373,0.014
96,2,0,1.373,0.331
96,2,1,1.373,-0.353
96,2,2,1.373,0.000
96,2,3,1.373,-0.018
96,3,0,1.373,-0.037
96,3,1,1.373,0.014
96,3,2,1.373,-0.018
96,3,3,1.373,0.000
97,0,0,1.405,0.000
97,0,1,1.405,-0.013
97,0,2,1.405,0.335
97,0,3,1.405,-0.034
97,1,0,1.405,-0.013
97,1,1,1.405,0.000
97,1,2,1.405,-0.357
97,1,3,1.405,0.011
97,2,0,1.405,0.335
97,2,1,1.405,-0.357
97,2,2,1.405,0.000
97,2,3,1.405,-0.017
97,3,0,1.405,-0.034
97,3,1,1.405,0.011
97,3,2,1.405,-0.017
97,3,3,1.405,0.000
98,0,0,1.438,0.000
98,0,1,1.438,-0.013
98,0,2,1.438,0.338
98,0,3,1.438,-0.031
98,1,0,1.438,-0.013
98,1,1,1.438,0.000
98,1,2,1.438,-0.361
98,1,3,1.438,0.008
98,2,0,1.438,0.338
98,2,1,1.438,-0.361
98,2,2,1.438,0.000
98,2,3,1.438,-0.017
98,3,0,1.438,-0.031
98,3,1,1.438,0.008
98,3,2,1.438,-0.017
98,3,3,1.438,0.000
99,0,0,1.473,0.000
99,0,1,1.473,-0.013
99,0,2,1.473,0.341
99,0,3,1.473,-0.029
99,1,0,1.473,-0.013
99,1,1,1.473,0.000
99,1,2,1.473,-0.364
99,1,3,1.473,0.006
99,2,0,1.473,0.341
99,2,1,1.473,-0.364
99,2,2,1.473,0.000
99,2,3,1.473,-0.016
99,3,0,1.473,-0.029
99,3,1,1.473,0.006
99,3,2,1.473,-0.016
99,3,3,1.473,0.000
100,0,0,1.508,0.000
100,0,1,1.508,-0.013
100,0,2,1.508,0.344
100,0,3,1.508,-0.027
100,1,0,1.508,-0.013
100,1,1,1.508,0.000
100,1,2,1.508,-0.367
100,1,3,1.508,0.003
100,2,0,1.508,0.344
100,2,1,1.508,-0.367
100,2,2,1.508,0.000
100,2,3,1.508,-0.016
100,3,0,1.508,-0.027
100,3,1,1.508,0.003
100,3,2,1.508,-0.016
100,3,3,1.508,0.000
101,0,0,1.545,0.000
101,0,1,1.545,-0.013
101,0,2,1.545,0.347
101,0,3,1.545,-0.025
101,1,0,1.545,-0.013
101,1,1,1.545,0.000
101,1,2,1.545,-0.370
101,1,3,1.545,0.001
101,2,0,1.545,0.347
101,2,1,1.545,-0.370
101,2,2,1.545,0.000
101,2,3,1.545,-0.016
101,3,0,1.545,-0.025
101,3,1,1.545,0.001
101,3,2,1.545,-0.016
101,3,3,1.545,0.000
102,0,0,1.584,0.000
102,0,1,1.584,-0.013
102,0,2,1.584,0.349
102,0,3,1.584,-0.023
102,1,0,1.584,-0.013
102,1,1,1.584,0.000
102,1,2,1.584,-0.372
102,1,3,1.584,-0.001
102,2,0,1.584,0.349
102,2,1,1.584,-0.372
102,2,2,1.584,0.000
102,2,3,1.584,-0.015
102,3,0,1.584,-0.023
102,3,1,1.584,-0.001
102,3,2,1.584,-0.015
102,3,3,1.584,0.000
103,0,0,1.626,0.000
103,0,1,1.626,-0.013
103,0,2,1.626,0.352
103,0,3,1.626,-0.021
103,1,0,1.626,-0.013
103,1,1,1.626,0.000
103,1,2,1.626,-0.375
103,1,3,1.626,-0.003
103,2,0,1.626,0.352
103,2,1,1.626,-0.375
103,2,2,1.626,0.000
103,2,3,1.626,-0.015
103,3,0,1.626,-0.021
103,3,1,1.626,-0.003
103,3,2,1.626,-0.015
103,3,3,1.626,0.000
104,0,0,1.669,0.000
104,0,1,1.669,-0.013
104,0,2,1.669,0.354
104,0,3,1.669,-0.019
104,1,0,1.669,-0.013
104,1,1,1.669,0.000
104,1,2,1.669,-0.377
104,1,3,1.669,-0.005
104,2,0,1.669,0.354
104,2,1,1.669,-0.377
104,2,2,1.669,0.000
104,2,3,1.669,-0.015
104,3,0,1.669,-0.019
104,3,1,1.669,-0.005
104,3,2,1.669,-0.015
104,3,3,1.669,0.000
105,0,0,1.716,0.000
105,0,1,1.716,-0.013
105,0,2,1.716,0.355
105,0,3,1.716,-0.018
105,1,0,1.716,-0.013
105,1,1,1.716,0.000
105,1,2,1.716,-0.379
105,1,3,1.716,-0.007
105,2,0,1.716,0.355
105,2,1,1.716,-0.379
105,2,2,1.716,0.000
105,2,3,1.716,-0.014
105,3,0,1.716,-0.018
105,3,1,1.716,-0.007
105,3,2,1.716,-0.014
105,3,3,1.716,0.000
106,0,0,1.767,0.000
106,0,1,1.767,-0.013
106,0,2,1.767,0.357
106,0,3,1.767,-0.017
106,1,0,1.767,-0.013
106,1,1,1.767,0.000
106,1,2,1.767,-0.380
106,1,3,1.767,-0.008
106,2,0,1.767,0.357
106,2,1,1.767,-0.380
106,2,2,1.767,0.000
106,2,3,1.767,-0.014
106,3,0,1.767,-0.017
106,3,1,1.767,-0.008
106,3,2,1.767,-0.014
106,3,3,1.767,0.000
107,0,0,1.822,0.000
107,0,1,1.822,-0.013
107,0,2,1.822,0.358
107,0,3,1.822,-0.016
107,1,0,1.822,-0.013
107,1,1,1.822,0.000
107,1,2,1.822,-0.382
107,1,3,1.822,-0.010
107,2,0,1.822,0.358
107,2,1,1.822,-0.382
107,2,2,1.822,0.000
107,2,3,1.822,-0.014
107,3,0,1.822,-0.016
107,3,1,1.822,-0.010
107,3,2,1.822,-0.014
107,3,3,1.822,0.000
108,0,0,1.884,0.000
108,0,1,1.884,-0.013
108,0,2,1.884,0.359
108,0,3,1.884,-0.015
108,1,0,1.884,-0.013
108,1,1,1.884,0.000
108,1,2,1.884,-0.383
108,1,3,1.884,-0.011
108,2,0,1.884,0.359
108,2,1,1.884,-0.383
108,2,2,1.884,0.000
108,2,3,1.884,-0.013
108,3,0,1.884,-0.015
108,3,1,1.884,-0.011
108,3,2,1.884,-0.013
108,3,3,1.884,0.000
109,0,0,1.952,0.000
109,0,1,1.952,-0.013
109,0,2,1.952,0.360
109,0,3,1.952,-0.014
109,1,0,1.952,-0.013
109,1,1,1.952,0.000
109,1,2,1.952,-0.384
109,1,3,1.952,-0.012
109,2,0,1.952,0.360
109,2,1,1.952,-0.384
109,2,2,1.952,0.000
109,2,3,1.952,-0.013
109,3,0,1.952,-0.014
109,3,1,1.952,-0.012
109,3,2,1.952,-0.013
109,3,3,1.952,0.000
110,0,0,2.030,0.000
110,0,1,2.030,-0.013
110,0,2,2.030,0.361
110,0,3,2.030,-0.013
110,1,0,2.030,-0.013
110,1,1,2.030,0.000
110,1,2,2.030,-0.385
110,1,3,2.030,-0.013
110,2,0,2.030,0.361
110,2,1,2.030,-0.385
110,2,2,2.030,0.000
110,2,3,2.030,-0.013
110,3,0,2.030,-0.013
110,3,1,2.030,-0.013
110,3,2,2.030,-0.013
110,3,3,2.030,0.000
111,0,0,2.121,0.000
111,0,1,2.121,-0.013
111,0,2,2.121,0.362
111,0,3,2.121,-0.013
111,1,0,2.121,-0.013
111,1,1,2.121,0.000
111,1,2,2.121,-0.385
111,1,3,2.121,-0.013
111,2,0,2.121,0.362
111,2,1,2.121,-0.385
111,2,2,2.121,0.000
111,2,3,2.121,-0.013
111,3,0,2.121,-0.013
111,3,1,2.121,-0.013
111,3,2,2.121,-0.013
111,3,3,2.121,0.000
112,0,0,2.230,0.000
112,0,1,2.230,-0.013
112,0,2,2.230,0.362
112,0,3,2.230,-0.012
112,1,0,2.230,-0.013
112,1,1,2.230,0.000
112,1,2,2.230,-0.386
112,1,3,2.230,-0.014
112,2,0,2.230,0.362
112,2,1,2.230,-0.386
112,2,2,2.230,0.000
112,2,3,2.230,-0.012
112,3,0,2.230,-0.012
112,3,1,2.230,-0.014
112,3,2,2.230,-0.012
112,3,3,2.230,0.000
113,0,0,2.364,0.000
113,0,1,2.364,-0.013
113,0,2,2.364,0.362
113,0,3,2.364,-0.012
113,1,0,2.364,-0.013
113,1,1,2.364,0.000
113,1,2,2.364,-0.386
113,1,3,2.364,-0.014
113,2,0,2.364,0.362
113,2,1,2.364,-0.386
113,2,2,2.364,0.000
113,2,3,2.364,-0.012
113,3,0,2.364,-0.012
113,3,1,2.364,-0.014
113,3,2,2.364,-0.012
113,3,3,2.364,0.000
114,0,0,2.540,0.000
114,0,1,2.540,-0.013
114,0,2,2.540,0.363
114,0,3,2.540,-0.012
114,1,0,2.540,-0.013
114,1,1,2.540,0.000
114,1,2,2.540,-0.386
114,1,3,2.540,-0.015
114,2,0,2.540,0.363
114,2,1,2.540,-0.386
114,2,2,2.540,0.000
114,2,3,2.540,-0.012
114,3,0,2.540,-0.012
114,3,1,2.540,-0.015
114,3,2,2.540,-0.012
114,3,3,2.540,0.000
115,0,0,2.787,0.000
115,0,1,2.787,-0.013
115,0,2,2.787,0.363
115,0,3,2.787,-0.012
115,1,0,2.787,-0.013
115,1,1,2.787,0.000
115,1,2,2.787,-0.386
115,1,3,2.787,-0.015
115,2,0,2.787,0.363
115,2,1,2.787,-0.386
115,2,2,2.787,0.000
115,2,3,2.787,-0.012
115,3,0,2.787,-0.012
115,3,1,2.787,-0.015
115,3,2,2.787,-0.012
115,3,3,2.787,0.000
116,0,0,3.187,0.000
116,0,1,3.187,-0.013
116,0,2,3.187,0.363
116,0,3,3.187,-0.012
116,1,0,3.187,-0.013
116,1,1,3.187,0.000
116,1,2,3.187,-0.386
116,1,3,3.187,-0.015
116,2,0,3.187,0.363
116,2,1,3.187,-0.386
116,2,2,3.187,0.000
116,2,3,3.187,-0.012
116,3,0,3.187,-0.012
116,3,1,3.187,-0.015
116,3,2,3.187,-0.012
116,3,3,3.187,0.000
117,0,0,3.673,0.000
117,0,1,3.673,-0.013
117,0,2,3.673,0.363
117,0,3,3.673,-0.012
117,1,0,3.673,-0.013
117,1,1,3.673,0.000
117,1,2,3.673,-0.386
117,1,3,3.673,-0.015
117,2,0,3.673,0.363
117,2,1,3.673,-0.386
117,2,2,3.673,0.000
117,2,3,3.673,-0.012
117,3,0,3.673,-0.012
117,3,1,3.673,-0.015
117,3,2,3.673,-0.012
117,3,3,3.673,0.000
118,0,0,4.729,0.000
118,0,1,4.729,-0.013
118,0,2,4.729,0.363
118,0,3,4.729,-0.012
118,1,0,4.729,-0.013
118,1,1,4.729,0.000
118,1,2,4.729,-0.386
118,1,3,4.729,-0.015
118,2,0,4.729,0.363
118,2,1,4.729,-0.386
118,2,2,4.729,0.000
118,2,3,4.729,-0.012
118,3,0,4.729,-0.012
118,3,1,4.729,-0.015
118,3,2,4.729,-0.012
118,3,3,4.729,0.000
119,0,0,7.728,0.000
119,0,1,7.728,-0.013
119,0,2,7.728,0.363
119,0,3,7.728,-0.012
119,1,0,7.728,-0.013
119,1,1,7.728,0.000
119,1,2,7.728,-0.386
119,1,3,7.728,-0.015
119,2,0,7.728,0.363
119,2,1,7.728,-0.386
119,2,2,7.728,0.000
119,2,3,7.728,-0.012
119,3,0,7.728,-0.012
119,3,1,7.728,-0.015
119,3,2,7.728,-0.012
119,3,3,7.728,0.000
120,0,0,10.193,0.000
120,0,1,10.193,-0.013
120,0,2,10.193,0.363
120,0,3,10.193,-0.012
120,1,0,10.193,-0.013
120,1,1,10.193,0.000
120,1,2,10.193,-0.386
120,1,3,10.193,-0.015
120,2,0,10.193,0.363
120,2,1,10.193,-0.386
120,2,2,10.193,0.000
120,2,3,10.193,-0.012
120,3,0,10.193,-0.012
120,3,1,10.193,-0.015
120,3,2,10.193,-0.012
120,3,3,10.193,0.000
