121,4,time,val
0,0,0.000,2.18719000
0,1,0.000,1.72673000
0,2,0.000,0.62563000
0,3,0.000,-0.02503000
1,0,0.000,2.18728209
1,1,0.000,1.72685812
1,2,0.000,0.62553992
1,3,0.000,-0.02516013
2,0,0.001,2.18765040
2,1,0.001,1.72737043
2,2,0.001,0.62517977
2,3,0.001,-0.02568060
3,0,0.002,2.18912273
3,1,0.002,1.72941741
3,2,0.002,0.62374162
3,3,0.002,-0.02776177
4,0,0.009,2.19499773
4,1,0.009,1.73756811
4,2,0.009,0.61802894
4,3,0.009,-0.03607478
5,0,0.023,2.20860348
5,1,0.023,1.75644438
5,2,0.023,0.60489856
5,3,0.023,-0.05542641
6,0,0.038,2.22194928
6,1,0.038,1.77523434
6,2,0.038,0.59201139
6,3,0.038,-0.07467501
7,0,0.053,2.23498169
7,1,0.053,1.79381633
7,2,0.053,0.57945732
7,3,0.053,-0.09373534
8,0,0.068,2.24772545
8,1,0.068,1.81217465
8,2,0.068,0.56725142
8,3,0.068,-0.11263153
9,0,0.083,2.26020573
9,1,0.083,1.83029426
9,2,0.083,0.55540797
9,3,0.083,-0.13138796
10,0,0.097,2.27244748
10,1,0.097,1.84815967
10,2,0.097,0.54394125
10,3,0.097,-0.15002840
11,0,0.112,2.28447557
11,1,0.112,1.86575488
11,2,0.112,0.53286557
11,3,0.112,-0.16857602
12,0,0.127,2.29631483
12,1,0.127,1.88306319
12,2,0.127,0.52219539
12,3,0.127,-0.18705341
13,0,0.142,2.30799015
13,1,0.142,1.90006708
13,2,0.142,0.51194541
13,3,0.142,-0.20548264
14,0,0.157,2.31952656
14,1,0.157,1.91674810
14,2,0.157,0.50213062
14,3,0.157,-0.22388528
15,0,0.172,2.33094932
15,1,0.172,1.93308673
15,2,0.172,0.49276639
15,3,0.172,-0.24228244
16,0,0.187,2.34228405
16,1,0.187,1.94906227
16,2,0.187,0.48386855
16,3,0.187,-0.26069487
17,0,0.202,2.35355685
17,1,0.202,1.96465273
17,2,0.202,0.47545347
17,3,0.202,-0.27914305
18,0,0.218,2.36479445
18,1,0.218,1.97983472
18,2,0.218,0.46753812
18,3,0.218,-0.29764730
19,0,0.231,2.37473713
19,1,0.231,1.99291949
19,2,0.231,0.46097001
19,3,0.231,-0.31410663
20,0,0.245,2.38461611
20,1,0.245,2.00554761
20,2,0.245,0.45486801
20,3,0.245,-0.33051173
21,0,0.259,2.39444521
21,1,0.259,2.01770104
21,2,0.259,0.44923884
21,3,0.259,-0.34686509
22,0,0.274,2.40424867
22,1,0.274,2.02937464
22,2,0.274,0.44408288
22,3,0.274,-0.36318619
23,0,0.281,2.40963299
23,1,0.281,2.03556814
23,2,0.281,0.44148157
23,3,0.281,-0.37216270
24,0,0.289,2.41500120
24,1,0.289,2.04159031
24,2,0.289,0.43903340
24,3,0.289,-0.38110491
25,0,0.297,2.42035278
25,1,0.297,2.04743644
25,2,0.297,0.43673919
25,3,0.297,-0.39000841
26,0,0.305,2.42568914
26,1,0.305,2.05310427
26,2,0.305,0.43459860
26,3,0.305,-0.39887201
27,0,0.313,2.43101177
27,1,0.313,2.05859187
27,2,0.313,0.43261105
27,3,0.313,-0.40769469
28,0,0.321,2.43632227
28,1,0.321,2.06389761
28,2,0.321,0.43077577
28,3,0.321,-0.41647565
29,0,0.329,2.44162232
29,1,0.329,2.06902011
29,2,0.329,0.42909179
29,3,0.329,-0.42521421
30,0,0.337,2.44691369
30,1,0.337,2.07395826
30,2,0.337,0.42755798
30,3,0.337,-0.43390993
31,0,0.345,2.45219827
31,1,0.345,2.07871117
31,2,0.345,0.42617306
31,3,0.345,-0.44256249
32,0,0.353,2.45747799
32,1,0.353,2.08327811
32,2,0.353,0.42493564
32,3,0.353,-0.45117174
33,0,0.361,2.46275493
33,1,0.361,2.08765855
33,2,0.361,0.42384421
33,3,0.361,-0.45973770
34,0,0.369,2.46803123
34,1,0.369,2.09185206
34,2,0.369,0.42289719
34,3,0.369,-0.46826049
35,0,0.377,2.47330913
35,1,0.377,2.09585833
35,2,0.377,0.42209293
35,3,0.377,-0.47674039
36,0,0.385,2.47859099
36,1,0.385,2.09967712
36,2,0.385,0.42142970
36,3,0.385,-0.48517781
37,0,0.393,2.48387926
37,1,0.393,2.10330824
37,2,0.393,0.42090577
37,3,0.393,-0.49357326
38,0,0.401,2.48917651
38,1,0.401,2.10675153
38,2,0.401,0.42051934
38,3,0.401,-0.50192739
39,0,0.409,2.49448544
39,1,0.409,2.11000683
39,2,0.409,0.42026863
39,3,0.409,-0.51024091
40,0,0.417,2.49980887
40,1,0.417,2.11307393
40,2,0.417,0.42015184
40,3,0.417,-0.51851465
41,0,0.426,2.50514975
41,1,0.426,2.11595258
41,2,0.426,0.42016718
41,3,0.426,-0.52674952
42,0,0.434,2.51051119
42,1,0.434,2.11864244
42,2,0.434,0.42031287
42,3,0.434,-0.53494651
43,0,0.442,2.51589644
43,1,0.442,2.12114307
43,2,0.442,0.42058715
43,3,0.442,-0.54310666
44,0,0.451,2.52130892
44,1,0.451,2.12345388
44,2,0.451,0.42098830
44,3,0.451,-0.55123110
45,0,0.459,2.52675225
45,1,0.459,2.12557413
45,2,0.459,0.42151460
45,3,0.459,-0.55932098
46,0,0.468,2.53223023
46,1,0.468,2.12750288
46,2,0.468,0.42216440
46,3,0.468,-0.56737751
47,0,0.477,2.53774686
47,1,0.477,2.12923900
47,2,0.477,0.42293607
47,3,0.477,-0.57540192
48,0,0.485,2.54330638
48,1,0.485,2.13078107
48,2,0.485,0.42382802
48,3,0.485,-0.58339547
49,0,0.494,2.54891327
49,1,0.494,2.13212745
49,2,0.494,0.42483870
49,3,0.494,-0.59135943
50,0,0.503,2.55457228
50,1,0.503,2.13327617
50,2,0.503,0.42596661
50,3,0.503,-0.59929506
51,0,0.512,2.56028844
51,1,0.512,2.13422492
51,2,0.512,0.42721027
51,3,0.512,-0.60720363
52,0,0.521,2.56606709
52,1,0.521,2.13497104
52,2,0.521,0.42856824
52,3,0.521,-0.61508637
53,0,0.530,2.57191391
53,1,0.530,2.13551148
53,2,0.530,0.43003911
53,3,0.530,-0.62294450
54,0,0.540,2.57783497
54,1,0.540,2.13584272
54,2,0.540,0.43162148
54,3,0.540,-0.63077917
55,0,0.549,2.58383670
55,1,0.549,2.13596079
55,2,0.549,0.43331400
55,3,0.549,-0.63859149
56,0,0.559,2.58992601
56,1,0.559,2.13586120
56,2,0.559,0.43511528
56,3,0.559,-0.64638249
57,0,0.569,2.59611024
57,1,0.569,2.13553889
57,2,0.569,0.43702397
57,3,0.569,-0.65415311
58,0,0.579,2.60239731
58,1,0.579,2.13498820
58,2,0.579,0.43903869
58,3,0.579,-0.66190420
59,0,0.589,2.60879566
59,1,0.589,2.13420279
59,2,0.589,0.44115802
59,3,0.589,-0.66963647
60,0,0.599,2.61531440
60,1,0.599,2.13317560
60,2,0.599,0.44338052
60,3,0.599,-0.67735052
61,0,0.609,2.62196331
61,1,0.609,2.13189878
61,2,0.609,0.44570469
61,3,0.609,-0.68504678
62,0,0.620,2.62875293
62,1,0.620,2.13036363
62,2,0.620,0.44812896
62,3,0.620,-0.69272552
63,0,0.631,2.63569466
63,1,0.631,2.12856048
63,2,0.631,0.45065165
63,3,0.631,-0.70038680
64,0,0.642,2.64280081
64,1,0.642,2.12647867
64,2,0.642,0.45327100
64,3,0.642,-0.70803049
65,0,0.653,2.65008475
65,1,0.653,2.12410637
65,2,0.653,0.45598510
65,3,0.653,-0.71565622
66,0,0.665,2.65756098
66,1,0.665,2.12143052
66,2,0.665,0.45879188
66,3,0.665,-0.72326337
67,0,0.677,2.66524530
67,1,0.677,2.11843668
67,2,0.677,0.46168910
67,3,0.677,-0.73085107
68,0,0.689,2.67315495
68,1,0.689,2.11510888
68,2,0.689,0.46467433
68,3,0.689,-0.73841816
69,0,0.702,2.68130883
69,1,0.702,2.11142944
69,2,0.702,0.46774490
69,3,0.702,-0.74596317
70,0,0.715,2.68972765
70,1,0.715,2.10737878
70,2,0.715,0.47089792
70,3,0.715,-0.75348436
71,0,0.728,2.69843429
71,1,0.728,2.10293516
71,2,0.728,0.47413023
71,3,0.728,-0.76097968
72,0,0.742,2.70745406
72,1,0.742,2.09807434
72,2,0.742,0.47743841
72,3,0.742,-0.76844680
73,0,0.756,2.71681516
73,1,0.756,2.09276927
73,2,0.756,0.48081875
73,3,0.756,-0.77588318
74,0,0.771,2.72654922
74,1,0.771,2.08698953
74,2,0.771,0.48426735
74,3,0.771,-0.78328609
75,0,0.785,2.73569888
75,1,0.785,2.08131987
75,2,0.785,0.48743800
75,3,0.785,-0.78993675
76,0,0.799,2.74525606
76,1,0.799,2.07517755
76,2,0.799,0.49067216
76,3,0.799,-0.79658577
77,0,0.814,2.75521704
77,1,0.814,2.06855221
77,2,0.814,0.49395309
77,3,0.814,-0.80320234
78,0,0.830,2.76561864
78,1,0.830,2.06140772
78,2,0.830,0.49727661
78,3,0.830,-0.80978297
79,0,0.846,2.77650101
79,1,0.846,2.05370432
79,2,0.846,0.50063789
79,3,0.846,-0.81632323
80,0,0.863,2.78791051
80,1,0.863,2.04539652
80,2,0.863,0.50403204
80,3,0.863,-0.82281907
81,0,0.881,2.79990151
81,1,0.881,2.03643137
81,2,0.881,0.50745434
81,3,0.881,-0.82926721
82,0,0.905,2.81638974
82,1,0.905,2.02378184
82,2,0.905,0.51193650
82,3,0.905,-0.83758808
83,0,0.930,2.83318302
83,1,0.930,2.01051196
83,2,0.930,0.51621239
83,3,0.930,-0.84538737
84,0,0.956,2.85036723
84,1,0.956,1.99657936
84,2,0.956,0.52029361
84,3,0.956,-0.85272020
85,0,0.982,2.86787880
85,1,0.982,1.98205835
85,2,0.982,0.52415723
85,3,0.982,-0.85957437
86,0,1.026,2.89680496
86,1,1.026,1.95756009
86,2,1.026,0.53000406
86,3,1.026,-0.86984911
87,0,1.070,2.92460447
87,1,1.070,1.93338553
87,2,1.070,0.53492384
87,3,1.070,-0.87839384
88,0,1.112,2.95106899
88,1,1.112,1.90991043
88,2,1.112,0.53903061
88,3,1.112,-0.88549003
89,0,1.155,2.97622199
89,1,1.155,1.88726163
89,2,1.155,0.54246387
89,3,1.155,-0.89142749
90,0,1.186,2.99369887
90,1,1.186,1.87134792
90,2,1.186,0.54458348
90,3,1.186,-0.89511027
91,0,1.217,3.01031274
91,1,1.217,1.85612072
91,2,1.217,0.54642949
91,3,1.217,-0.89834295
92,0,1.248,3.02595405
92,1,1.248,1.84170856
92,2,1.248,0.54802544
92,3,1.248,-0.90116806
93,0,1.279,3.04066274
93,1,1.279,1.82809794
93,2,1.279,0.54940699
93,3,1.279,-0.90364767
94,0,1.310,3.05447625
94,1,1.310,1.81527246
94,2,1.310,0.55060359
94,3,1.310,-0.90583230
95,0,1.341,3.06742822
95,1,1.341,1.80321534
95,2,1.341,0.55163957
95,3,1.341,-0.90776313
96,0,1.373,3.07954895
96,1,1.373,1.79190989
96,2,1.373,0.55253511
96,3,1.373,-0.90947395
97,0,1.405,3.09086579
97,1,1.405,1.78133984
97,2,1.405,0.55330706
97,3,1.405,-0.91099269
98,0,1.438,3.10140357
98,1,1.438,1.77148945
98,2,1.438,0.55396955
98,3,1.438,-0.91234256
99,0,1.473,3.11118494
99,1,1.473,1.76234356
99,2,1.473,0.55453452
99,3,1.473,-0.91354302
100,0,1.508,3.12023073
100,1,1.508,1.75388760
100,2,1.508,0.55501207
100,3,1.508,-0.91461041
101,0,1.545,3.12856021
101,1,1.545,1.74610748
101,2,1.545,0.55541086
101,3,1.545,-0.91555855
102,0,1.584,3.13619138
102,1,1.584,1.73898951
102,2,1.584,0.55573830
102,3,1.584,-0.91639919
103,0,1.626,3.14314124
103,1,1.626,1.73252030
103,2,1.626,0.55600082
103,3,1.626,-0.91714236
104,0,1.669,3.14942608
104,1,1.669,1.72668654
104,2,1.669,0.55620401
104,3,1.669,-0.91779663
105,0,1.716,3.15506172
105,1,1.716,1.72147483
105,2,1.716,0.55635286
105,3,1.716,-0.91836942
106,0,1.767,3.16006386
106,1,1.767,1.71687143
106,2,1.767,0.55645183
106,3,1.767,-0.91886713
107,0,1.822,3.16444841
107,1,1.822,1.71286189
107,2,1.822,0.55650504
107,3,1.822,-0.91929534
108,0,1.884,3.16823196
108,1,1.884,1.70943060
108,2,1.884,0.55651642
108,3,1.884,-0.91965897
109,0,1.952,3.17143237
109,1,1.952,1.70656019
109,2,1.952,0.55648987
109,3,1.952,-0.91996243
110,0,2.030,3.17406960
110,1,2.030,1.70423063
110,2,2.030,0.55642952
110,3,2.030,-0.92020975
111,0,2.121,3.17616690
111,1,2.121,1.70241787
111,2,2.121,0.55633999
111,3,2.121,-0.92040476
112,0,2.230,3.17775266
112,1,2.230,1.70109179
112,2,2.230,0.55622688
112,3,2.230,-0.92055133
113,0,2.364,3.17886340
113,1,2.364,1.70021282
113,2,2.364,0.55609744
113,3,2.364,-0.92065365
114,0,2.540,3.17954878
114,1,2.540,1.69972620
114,2,2.540,0.55596179
114,3,2.540,-0.92071677
115,0,2.787,3.17988054
115,1,2.787,1.69955192
115,2,2.787,0.55583498
115,3,2.787,-0.92074744
116,0,3.187,3.17996761
116,1,3.187,1.69956764
116,2,3.187,0.55574035
116,3,3.187,-0.92075559
117,0,3.673,3.17996896
117,1,3.673,1.69959255
117,2,3.673,0.55571422
117,3,3.673,-0.92075573
118,0,4.729,3.17996895
118,1,4.729,1.69959597
118,2,4.729,0.55571080
118,3,4.729,-0.92075573
119,0,7.728,3.17996864
119,1,7.728,1.69959191
119,2,7.728,0.55571515
119,3,7.728,-0.92075570
120,0,10.193,3.17996251
120,1,10.193,1.69957825
120,2,10.193,0.55573446
120,3,10.193,-0.92075522
