121,4,time,val
0,0,0,0.000,2.187
0,0,1,0.000,1.000
0,0,2,0.000,0.000
0,0,3,0.000,0.000
0,1,0,0.000,1.000
0,1,1,0.000,1.727
0,1,2,0.000,1.000
0,1,3,0.000,0.000
0,2,0,0.000,0.000
0,2,1,0.000,1.000
0,2,2,0.000,0.626
0,2,3,0.000,1.000
0,3,0,0.000,0.000
0,3,1,0.000,0.000
0,3,2,0.000,1.000
0,3,3,0.000,-0.025
1,0,0,0.000,2.187
1,0,1,0.000,1.000
1,0,2,0.000,-0.000
1,0,3,0.000,0.000
1,1,0,0.000,1.000
1,1,1,0.000,1.727
1,1,2,0.000,1.000
1,1,3,0.000,0.000
1,2,0,0.000,-0.000
1,2,1,0.000,1.000
1,2,2,0.000,0.626
1,2,3,0.000,1.000
1,3,0,0.000,0.000
1,3,1,0.000,0.000
1,3,2,0.000,1.000
1,3,3,0.000,-0.025
2,0,0,0.001,2.188
2,0,1,0.001,1.000
2,0,2,0.001,-0.000
2,0,3,0.001,0.000
2,1,0,0.001,1.000
2,1,1,0.001,1.727
2,1,2,0.001,0.999
2,1,3,0.001,0.000
2,2,0,0.001,-0.000
2,2,1,0.001,0.999
2,2,2,0.001,0.625
2,2,3,0.001,1.000
2,3,0,0.001,0.000
2,3,1,0.001,0.000
2,3,2,0.001,1.000
2,3,3,0.001,-0.026
3,0,0,0.002,2.189
3,0,1,0.002,1.000
3,0,2,0.002,-0.001
3,0,3,0.002,-0.000
3,1,0,0.002,1.000
3,1,1,0.002,1.729
3,1,2,0.002,0.997
3,1,3,0.002,0.001
3,2,0,0.002,-0.001
3,2,1,0.002,0.997
3,2,2,0.002,0.624
3,2,3,0.002,0.999
3,3,0,0.002,-0.000
3,3,1,0.002,0.001
3,3,2,0.002,0.999
3,3,3,0.002,-0.028
4,0,0,0.009,2.195
4,0,1,0.009,0.998
4,0,2,0.009,-0.005
4,0,3,0.009,-0.000
4,1,0,0.009,0.998
4,1,1,0.009,1.738
4,1,2,0.009,0.990
4,1,3,0.009,0.004
4,2,0,0.009,-0.005
4,2,1,0.009,0.990
4,2,2,0.009,0.618
4,2,3,0.009,0.996
4,3,0,0.009,-0.000
4,3,1,0.009,0.004
4,3,2,0.009,0.996
4,3,3,0.009,-0.036
5,0,0,0.023,2.209
5,0,1,0.023,0.995
5,0,2,0.023,-0.015
5,0,3,0.023,-0.000
5,1,0,0.023,0.995
5,1,1,0.023,1.756
5,1,2,0.023,0.971
5,1,3,0.023,0.011
5,2,0,0.023,-0.015
5,2,1,0.023,0.971
5,2,2,0.023,0.605
5,2,3,0.023,0.990
5,3,0,0.023,-0.000
5,3,1,0.023,0.011
5,3,2,0.023,0.990
5,3,3,0.023,-0.055
6,0,0,0.038,2.222
6,0,1,0.038,0.991
6,0,2,0.038,-0.025
6,0,3,0.038,-0.000
6,1,0,0.038,0.991
6,1,1,0.038,1.775
6,1,2,0.038,0.953
6,1,3,0.038,0.017
6,2,0,0.038,-0.025
6,2,1,0.038,0.953
6,2,2,0.038,0.592
6,2,3,0.038,0.983
6,3,0,0.038,-0.000
6,3,1,0.038,0.017
6,3,2,0.038,0.983
6,3,3,0.038,-0.075
7,0,0,0.053,2.235
7,0,1,0.053,0.987
7,0,2,0.053,-0.034
7,0,3,0.053,-0.001
7,1,0,0.053,0.987
7,1,1,0.053,1.794
7,1,2,0.053,0.934
7,1,3,0.053,0.023
7,2,0,0.053,-0.034
7,2,1,0.053,0.934
7,2,2,0.053,0.579
7,2,3,0.053,0.975
7,3,0,0.053,-0.001
7,3,1,0.053,0.023
7,3,2,0.053,0.975
7,3,3,0.053,-0.094
8,0,0,0.068,2.248
8,0,1,0.068,0.983
8,0,2,0.068,-0.043
8,0,3,0.068,-0.002
8,1,0,0.068,0.983
8,1,1,0.068,1.812
8,1,2,0.068,0.915
8,1,3,0.068,0.030
8,2,0,0.068,-0.043
8,2,1,0.068,0.915
8,2,2,0.068,0.567
8,2,3,0.068,0.968
8,3,0,0.068,-0.002
8,3,1,0.068,0.030
8,3,2,0.068,0.968
8,3,3,0.068,-0.113
9,0,0,0.083,2.260
9,0,1,0.083,0.978
9,0,2,0.083,-0.052
9,0,3,0.083,-0.003
9,1,0,0.083,0.978
9,1,1,0.083,1.830
9,1,2,0.083,0.897
9,1,3,0.083,0.035
9,2,0,0.083,-0.052
9,2,1,0.083,0.897
9,2,2,0.083,0.555
9,2,3,0.083,0.960
9,3,0,0.083,-0.003
9,3,1,0.083,0.035
9,3,2,0.083,0.960
9,3,3,0.083,-0.131
10,0,0,0.097,2.272
10,0,1,0.097,0.974
10,0,2,0.097,-0.061
10,0,3,0.097,-0.004
10,1,0,0.097,0.974
10,1,1,0.097,1.848
10,1,2,0.097,0.878
10,1,3,0.097,0.041
10,2,0,0.097,-0.061
10,2,1,0.097,0.878
10,2,2,0.097,0.544
10,2,3,0.097,0.952
10,3,0,0.097,-0.004
10,3,1,0.097,0.041
10,3,2,0.097,0.952
10,3,3,0.097,-0.150
11,0,0,0.112,2.284
11,0,1,0.112,0.969
11,0,2,0.112,-0.070
11,0,3,0.112,-0.005
11,1,0,0.112,0.969
11,1,1,0.112,1.866
11,1,2,0.112,0.859
11,1,3,0.112,0.046
11,2,0,0.112,-0.070
11,2,1,0.112,0.859
11,2,2,0.112,0.533
11,2,3,0.112,0.943
11,3,0,0.112,-0.005
11,3,1,0.112,0.046
11,3,2,0.112,0.943
11,3,3,0.112,-0.169
12,0,0,0.127,2.296
12,0,1,0.127,0.963
12,0,2,0.127,-0.078
12,0,3,0.127,-0.007
12,1,0,0.127,0.963
12,1,1,0.127,1.883
12,1,2,0.127,0.840
12,1,3,0.127,0.051
12,2,0,0.127,-0.078
12,2,1,0.127,0.840
12,2,2,0.127,0.522
12,2,3,0.127,0.934
12,3,0,0.127,-0.007
12,3,1,0.127,0.051
12,3,2,0.127,0.934
12,3,3,0.127,-0.187
13,0,0,0.142,2.308
13,0,1,0.142,0.958
13,0,2,0.142,-0.086
13,0,3,0.142,-0.009
13,1,0,0.142,0.958
13,1,1,0.142,1.900
13,1,2,0.142,0.821
13,1,3,0.142,0.056
13,2,0,0.142,-0.086
13,2,1,0.142,0.821
13,2,2,0.142,0.512
13,2,3,0.142,0.925
13,3,0,0.142,-0.009
13,3,1,0.142,0.056
13,3,2,0.142,0.925
13,3,3,0.142,-0.205
14,0,0,0.157,2.320
14,0,1,0.157,0.952
14,0,2,0.157,-0.094
14,0,3,0.157,-0.010
14,1,0,0.157,0.952
14,1,1,0.157,1.917
14,1,2,0.157,0.803
14,1,3,0.157,0.060
14,2,0,0.157,-0.094
14,2,1,0.157,0.803
14,2,2,0.157,0.502
14,2,3,0.157,0.915
14,3,0,0.157,-0.010
14,3,1,0.157,0.060
14,3,2,0.157,0.915
14,3,3,0.157,-0.224
15,0,0,0.172,2.331
15,0,1,0.172,0.946
15,0,2,0.172,-0.101
15,0,3,0.172,-0.012
15,1,0,0.172,0.946
15,1,1,0.172,1.933
15,1,2,0.172,0.784
15,1,3,0.172,0.064
15,2,0,0.172,-0.101
15,2,1,0.172,0.784
15,2,2,0.172,0.493
15,2,3,0.172,0.905
15,3,0,0.172,-0.012
15,3,1,0.172,0.064
15,3,2,0.172,0.905
15,3,3,0.172,-0.242
16,0,0,0.187,2.342
16,0,1,0.187,0.940
16,0,2,0.187,-0.108
16,0,3,0.187,-0.014
16,1,0,0.187,0.940
16,1,1,0.187,1.949
16,1,2,0.187,0.765
16,1,3,0.187,0.067
16,2,0,0.187,-0.108
16,2,1,0.187,0.765
16,2,2,0.187,0.484
16,2,3,0.187,0.895
16,3,0,0.187,-0.014
16,3,1,0.187,0.067
16,3,2,0.187,0.895
16,3,3,0.187,-0.261
17,0,0,0.202,2.354
17,0,1,0.202,0.933
17,0,2,0.202,-0.115
17,0,3,0.202,-0.016
17,1,0,0.202,0.933
17,1,1,0.202,1.965
17,1,2,0.202,0.746
17,1,3,0.202,0.071
17,2,0,0.202,-0.115
17,2,1,0.202,0.746
17,2,2,0.202,0.475
17,2,3,0.202,0.884
17,3,0,0.202,-0.016
17,3,1,0.202,0.071
17,3,2,0.202,0.884
17,3,3,0.202,-0.279
18,0,0,0.218,2.365
18,0,1,0.218,0.926
18,0,2,0.218,-0.121
18,0,3,0.218,-0.018
18,1,0,0.218,0.926
18,1,1,0.218,1.980
18,1,2,0.218,0.726
18,1,3,0.218,0.073
18,2,0,0.218,-0.121
18,2,1,0.218,0.726
18,2,2,0.218,0.468
18,2,3,0.218,0.873
18,3,0,0.218,-0.018
18,3,1,0.218,0.073
18,3,2,0.218,0.873
18,3,3,0.218,-0.298
19,0,0,0.231,2.375
19,0,1,0.231,0.920
19,0,2,0.231,-0.126
19,0,3,0.231,-0.019
19,1,0,0.231,0.920
19,1,1,0.231,1.993
19,1,2,0.231,0.710
19,1,3,0.231,0.075
19,2,0,0.231,-0.126
19,2,1,0.231,0.710
19,2,2,0.231,0.461
19,2,3,0.231,0.863
19,3,0,0.231,-0.019
19,3,1,0.231,0.075
19,3,2,0.231,0.863
19,3,3,0.231,-0.314
20,0,0,0.245,2.385
20,0,1,0.245,0.914
20,0,2,0.245,-0.131
20,0,3,0.245,-0.021
20,1,0,0.245,0.914
20,1,1,0.245,2.006
20,1,2,0.245,0.693
20,1,3,0.245,0.077
20,2,0,0.245,-0.131
20,2,1,0.245,0.693
20,2,2,0.245,0.455
20,2,3,0.245,0.853
20,3,0,0.245,-0.021
20,3,1,0.245,0.077
20,3,2,0.245,0.853
20,3,3,0.245,-0.331
21,0,0,0.259,2.394
21,0,1,0.259,0.908
21,0,2,0.259,-0.136
21,0,3,0.259,-0.022
21,1,0,0.259,0.908
21,1,1,0.259,2.018
21,1,2,0.259,0.676
21,1,3,0.259,0.078
21,2,0,0.259,-0.136
21,2,1,0.259,0.676
21,2,2,0.259,0.449
21,2,3,0.259,0.843
21,3,0,0.259,-0.022
21,3,1,0.259,0.078
21,3,2,0.259,0.843
21,3,3,0.259,-0.347
22,0,0,0.274,2.404
22,0,1,0.274,0.901
22,0,2,0.274,-0.140
22,0,3,0.274,-0.024
22,1,0,0.274,0.901
22,1,1,0.274,2.029
22,1,2,0.274,0.659
22,1,3,0.274,0.079
22,2,0,0.274,-0.140
22,2,1,0.274,0.659
22,2,2,0.274,0.444
22,2,3,0.274,0.832
22,3,0,0.274,-0.024
22,3,1,0.274,0.079
22,3,2,0.274,0.832
22,3,3,0.274,-0.363
23,0,0,0.281,2.410
23,0,1,0.281,0.897
23,0,2,0.281,-0.141
23,0,3,0.281,-0.025
23,1,0,0.281,0.897
23,1,1,0.281,2.036
23,1,2,0.281,0.650
23,1,3,0.281,0.079
23,2,0,0.281,-0.141
23,2,1,0.281,0.650
23,2,2,0.281,0.441
23,2,3,0.281,0.826
23,3,0,0.281,-0.025
23,3,1,0.281,0.079
23,3,2,0.281,0.826
23,3,3,0.281,-0.372
24,0,0,0.289,2.415
24,0,1,0.289,0.894
24,0,2,0.289,-0.143
24,0,3,0.289,-0.025
24,1,0,0.289,0.894
24,1,1,0.289,2.042
24,1,2,0.289,0.641
24,1,3,0.289,0.079
24,2,0,0.289,-0.143
24,2,1,0.289,0.641
24,2,2,0.289,0.439
24,2,3,0.289,0.820
24,3,0,0.289,-0.025
24,3,1,0.289,0.079
24,3,2,0.289,0.820
24,3,3,0.289,-0.381
25,0,0,0.297,2.420
25,0,1,0.297,0.890
25,0,2,0.297,-0.145
25,0,3,0.297,-0.026
25,1,0,0.297,0.890
25,1,1,0.297,2.047
25,1,2,0.297,0.632
25,1,3,0.297,0.080
25,2,0,0.297,-0.145
25,2,1,0.297,0.632
25,2,2,0.297,0.437
25,2,3,0.297,0.814
25,3,0,0.297,-0.026
25,3,1,0.297,0.080
25,3,2,0.297,0.814
25,3,3,0.297,-0.390
26,0,0,0.305,2.426
26,0,1,0.305,0.887
26,0,2,0.305,-0.147
26,0,3,0.305,-0.027
26,1,0,0.305,0.887
26,1,1,0.305,2.053
26,1,2,0.305,0.623
26,1,3,0.305,0.080
26,2,0,0.305,-0.147
26,2,1,0.305,0.623
26,2,2,0.305,0.435
26,2,3,0.305,0.808
26,3,0,0.305,-0.027
26,3,1,0.305,0.080
26,3,2,0.305,0.808
26,3,3,0.305,-0.399
27,0,0,0.313,2.431
27,0,1,0.313,0.883
27,0,2,0.313,-0.148
27,0,3,0.313,-0.027
27,1,0,0.313,0.883
27,1,1,0.313,2.059
27,1,2,0.313,0.614
27,1,3,0.313,0.080
27,2,0,0.313,-0.148
27,2,1,0.313,0.614
27,2,2,0.313,0.433
27,2,3,0.313,0.801
27,3,0,0.313,-0.027
27,3,1,0.313,0.080
27,3,2,0.313,0.801
27,3,3,0.313,-0.408
28,0,0,0.321,2.436
28,0,1,0.321,0.879
28,0,2,0.321,-0.149
28,0,3,0.321,-0.028
28,1,0,0.321,0.879
28,1,1,0.321,2.064
28,1,2,0.321,0.606
28,1,3,0.321,0.079
28,2,0,0.321,-0.149
28,2,1,0.321,0.606
28,2,2,0.321,0.431
28,2,3,0.321,0.795
28,3,0,0.321,-0.028
28,3,1,0.321,0.079
28,3,2,0.321,0.795
28,3,3,0.321,-0.416
29,0,0,0.329,2.442
29,0,1,0.329,0.876
29,0,2,0.329,-0.151
29,0,3,0.329,-0.028
29,1,0,0.329,0.876
29,1,1,0.329,2.069
29,1,2,0.329,0.597
29,1,3,0.329,0.079
29,2,0,0.329,-0.151
29,2,1,0.329,0.597
29,2,2,0.329,0.429
29,2,3,0.329,0.789
29,3,0,0.329,-0.028
29,3,1,0.329,0.079
29,3,2,0.329,0.789
29,3,3,0.329,-0.425
30,0,0,0.337,2.447
30,0,1,0.337,0.872
30,0,2,0.337,-0.152
30,0,3,0.337,-0.028
30,1,0,0.337,0.872
30,1,1,0.337,2.074
30,1,2,0.337,0.588
30,1,3,0.337,0.079
30,2,0,0.337,-0.152
30,2,1,0.337,0.588
30,2,2,0.337,0.428
30,2,3,0.337,0.783
30,3,0,0.337,-0.028
30,3,1,0.337,0.079
30,3,2,0.337,0.783
30,3,3,0.337,-0.434
31,0,0,0.345,2.452
31,0,1,0.345,0.868
31,0,2,0.345,-0.153
31,0,3,0.345,-0.029
31,1,0,0.345,0.868
31,1,1,0.345,2.079
31,1,2,0.345,0.580
31,1,3,0.345,0.078
31,2,0,0.345,-0.153
31,2,1,0.345,0.580
31,2,2,0.345,0.426
31,2,3,0.345,0.776
31,3,0,0.345,-0.029
31,3,1,0.345,0.078
31,3,2,0.345,0.776
31,3,3,0.345,-0.443
32,0,0,0.353,2.457
32,0,1,0.353,0.865
32,0,2,0.353,-0.153
32,0,3,0.353,-0.029
32,1,0,0.353,0.865
32,1,1,0.353,2.083
32,1,2,0.353,0.571
32,1,3,0.353,0.078
32,2,0,0.353,-0.153
32,2,1,0.353,0.571
32,2,2,0.353,0.425
32,2,3,0.353,0.770
32,3,0,0.353,-0.029
32,3,1,0.353,0.078
32,3,2,0.353,0.770
32,3,3,0.353,-0.451
33,0,0,0.361,2.463
33,0,1,0.361,0.861
33,0,2,0.361,-0.154
33,0,3,0.361,-0.029
33,1,0,0.361,0.861
33,1,1,0.361,2.088
33,1,2,0.361,0.563
33,1,3,0.361,0.077
33,2,0,0.361,-0.154
33,2,1,0.361,0.563
33,2,2,0.361,0.424
33,2,3,0.361,0.763
33,3,0,0.361,-0.029
33,3,1,0.361,0.077
33,3,2,0.361,0.763
33,3,3,0.361,-0.460
34,0,0,0.369,2.468
34,0,1,0.369,0.857
34,0,2,0.369,-0.155
34,0,3,0.369,-0.030
34,1,0,0.369,0.857
34,1,1,0.369,2.092
34,1,2,0.369,0.555
34,1,3,0.369,0.077
34,2,0,0.369,-0.155
34,2,1,0.369,0.555
34,2,2,0.369,0.423
34,2,3,0.369,0.757
34,3,0,0.369,-0.030
34,3,1,0.369,0.077
34,3,2,0.369,0.757
34,3,3,0.369,-0.468
35,0,0,0.377,2.473
35,0,1,0.377,0.854
35,0,2,0.377,-0.155
35,0,3,0.377,-0.030
35,1,0,0.377,0.854
35,1,1,0.377,2.096
35,1,2,0.377,0.546
35,1,3,0.377,0.076
35,2,0,0.377,-0.155
35,2,1,0.377,0.546
35,2,2,0.377,0.422
35,2,3,0.377,0.751
35,3,0,0.377,-0.030
35,3,1,0.377,0.076
35,3,2,0.377,0.751
35,3,3,0.377,-0.477
36,0,0,0.385,2.479
36,0,1,0.385,0.850
36,0,2,0.385,-0.155
36,0,3,0.385,-0.030
36,1,0,0.385,0.850
36,1,1,0.385,2.100
36,1,2,0.385,0.538
36,1,3,0.385,0.075
36,2,0,0.385,-0.155
36,2,1,0.385,0.538
36,2,2,0.385,0.421
36,2,3,0.385,0.744
36,3,0,0.385,-0.030
36,3,1,0.385,0.075
36,3,2,0.385,0.744
36,3,3,0.385,-0.485
37,0,0,0.393,2.484
37,0,1,0.393,0.846
37,0,2,0.393,-0.156
37,0,3,0.393,-0.030
37,1,0,0.393,0.846
37,1,1,0.393,2.103
37,1,2,0.393,0.530
37,1,3,0.393,0.074
37,2,0,0.393,-0.156
37,2,1,0.393,0.530
37,2,2,0.393,0.421
37,2,3,0.393,0.737
37,3,0,0.393,-0.030
37,3,1,0.393,0.074
37,3,2,0.393,0.737
37,3,3,0.393,-0.494
38,0,0,0.401,2.489
38,0,1,0.401,0.843
38,0,2,0.401,-0.156
38,0,3,0.401,-0.030
38,1,0,0.401,0.843
38,1,1,0.401,2.107
38,1,2,0.401,0.522
38,1,3,0.401,0.073
38,2,0,0.401,-0.156
38,2,1,0.401,0.522
38,2,2,0.401,0.421
38,2,3,0.401,0.731
38,3,0,0.401,-0.030
38,3,1,0.401,0.073
38,3,2,0.401,0.731
38,3,3,0.401,-0.502
39,0,0,0.409,2.494
39,0,1,0.409,0.839
39,0,2,0.409,-0.155
39,0,3,0.409,-0.030
39,1,0,0.409,0.839
39,1,1,0.409,2.110
39,1,2,0.409,0.514
39,1,3,0.409,0.072
39,2,0,0.409,-0.155
39,2,1,0.409,0.514
39,2,2,0.409,0.420
39,2,3,0.409,0.724
39,3,0,0.409,-0.030
39,3,1,0.409,0.072
39,3,2,0.409,0.724
39,3,3,0.409,-0.510
40,0,0,0.417,2.500
40,0,1,0.417,0.836
40,0,2,0.417,-0.155
40,0,3,0.417,-0.030
40,1,0,0.417,0.836
40,1,1,0.417,2.113
40,1,2,0.417,0.506
40,1,3,0.417,0.071
40,2,0,0.417,-0.155
40,2,1,0.417,0.506
40,2,2,0.417,0.420
40,2,3,0.417,0.717
40,3,0,0.417,-0.030
40,3,1,0.417,0.071
40,3,2,0.417,0.717
40,3,3,0.417,-0.519
41,0,0,0.426,2.505
41,0,1,0.426,0.832
41,0,2,0.426,-0.155
41,0,3,0.426,-0.030
41,1,0,0.426,0.832
41,1,1,0.426,2.116
41,1,2,0.426,0.498
41,1,3,0.426,0.070
41,2,0,0.426,-0.155
41,2,1,0.426,0.498
41,2,2,0.426,0.420
41,2,3,0.426,0.711
41,3,0,0.426,-0.030
41,3,1,0.426,0.070
41,3,2,0.426,0.711
41,3,3,0.426,-0.527
42,0,0,0.434,2.511
42,0,1,0.434,0.828
42,0,2,0.434,-0.155
42,0,3,0.434,-0.030
42,1,0,0.434,0.828
42,1,1,0.434,2.119
42,1,2,0.434,0.490
42,1,3,0.434,0.069
42,2,0,0.434,-0.155
42,2,1,0.434,0.490
42,2,2,0.434,0.420
42,2,3,0.434,0.704
42,3,0,0.434,-0.030
42,3,1,0.434,0.069
42,3,2,0.434,0.704
42,3,3,0.434,-0.535
43,0,0,0.442,2.516
43,0,1,0.442,0.825
43,0,2,0.442,-0.154
43,0,3,0.442,-0.029
43,1,0,0.442,0.825
43,1,1,0.442,2.121
43,1,2,0.442,0.482
43,1,3,0.442,0.068
43,2,0,0.442,-0.154
43,2,1,0.442,0.482
43,2,2,0.442,0.421
43,2,3,0.442,0.697
43,3,0,0.442,-0.029
43,3,1,0.442,0.068
43,3,2,0.442,0.697
43,3,3,0.442,-0.543
44,0,0,0.451,2.521
44,0,1,0.451,0.821
44,0,2,0.451,-0.153
44,0,3,0.451,-0.029
44,1,0,0.451,0.821
44,1,1,0.451,2.123
44,1,2,0.451,0.475
44,1,3,0.451,0.066
44,2,0,0.451,-0.153
44,2,1,0.451,0.475
44,2,2,0.451,0.421
44,2,3,0.451,0.690
44,3,0,0.451,-0.029
44,3,1,0.451,0.066
44,3,2,0.451,0.690
44,3,3,0.451,-0.551
45,0,0,0.459,2.527
45,0,1,0.459,0.818
45,0,2,0.459,-0.153
45,0,3,0.459,-0.029
45,1,0,0.459,0.818
45,1,1,0.459,2.126
45,1,2,0.459,0.467
45,1,3,0.459,0.065
45,2,0,0.459,-0.153
45,2,1,0.459,0.467
45,2,2,0.459,0.422
45,2,3,0.459,0.683
45,3,0,0.459,-0.029
45,3,1,0.459,0.065
45,3,2,0.459,0.683
45,3,3,0.459,-0.559
46,0,0,0.468,2.532
46,0,1,0.468,0.814
46,0,2,0.468,-0.152
46,0,3,0.468,-0.029
46,1,0,0.468,0.814
46,1,1,0.468,2.128
46,1,2,0.468,0.460
46,1,3,0.468,0.064
46,2,0,0.468,-0.152
46,2,1,0.468,0.460
46,2,2,0.468,0.422
46,2,3,0.468,0.676
46,3,0,0.468,-0.029
46,3,1,0.468,0.064
46,3,2,0.468,0.676
46,3,3,0.468,-0.567
47,0,0,0.477,2.538
47,0,1,0.477,0.811
47,0,2,0.477,-0.151
47,0,3,0.477,-0.028
47,1,0,0.477,0.811
47,1,1,0.477,2.129
47,1,2,0.477,0.452
47,1,3,0.477,0.062
47,2,0,0.477,-0.151
47,2,1,0.477,0.452
47,2,2,0.477,0.423
47,2,3,0.477,0.669
47,3,0,0.477,-0.028
47,3,1,0.477,0.062
47,3,2,0.477,0.669
47,3,3,0.477,-0.575
48,0,0,0.485,2.543
48,0,1,0.485,0.807
48,0,2,0.485,-0.150
48,0,3,0.485,-0.028
48,1,0,0.485,0.807
48,1,1,0.485,2.131
48,1,2,0.485,0.445
48,1,3,0.485,0.061
48,2,0,0.485,-0.150
48,2,1,0.485,0.445
48,2,2,0.485,0.424
48,2,3,0.485,0.662
48,3,0,0.485,-0.028
48,3,1,0.485,0.061
48,3,2,0.485,0.662
48,3,3,0.485,-0.583
49,0,0,0.494,2.549
49,0,1,0.494,0.804
49,0,2,0.494,-0.149
49,0,3,0.494,-0.027
49,1,0,0.494,0.804
49,1,1,0.494,2.132
49,1,2,0.494,0.437
49,1,3,0.494,0.059
49,2,0,0.494,-0.149
49,2,1,0.494,0.437
49,2,2,0.494,0.425
49,2,3,0.494,0.655
49,3,0,0.494,-0.027
49,3,1,0.494,0.059
49,3,2,0.494,0.655
49,3,3,0.494,-0.591
50,0,0,0.503,2.555
50,0,1,0.503,0.800
50,0,2,0.503,-0.147
50,0,3,0.503,-0.027
50,1,0,0.503,0.800
50,1,1,0.503,2.133
50,1,2,0.503,0.430
50,1,3,0.503,0.058
50,2,0,0.503,-0.147
50,2,1,0.503,0.430
50,2,2,0.503,0.426
50,2,3,0.503,0.648
50,3,0,0.503,-0.027
50,3,1,0.503,0.058
50,3,2,0.503,0.648
50,3,3,0.503,-0.599
51,0,0,0.512,2.560
51,0,1,0.512,0.796
51,0,2,0.512,-0.146
51,0,3,0.512,-0.026
51,1,0,0.512,0.796
51,1,1,0.512,2.134
51,1,2,0.512,0.422
51,1,3,0.512,0.056
51,2,0,0.512,-0.146
51,2,1,0.512,0.422
51,2,2,0.512,0.427
51,2,3,0.512,0.640
51,3,0,0.512,-0.026
51,3,1,0.512,0.056
51,3,2,0.512,0.640
51,3,3,0.512,-0.607
52,0,0,0.521,2.566
52,0,1,0.521,0.793
52,0,2,0.521,-0.144
52,0,3,0.521,-0.026
52,1,0,0.521,0.793
52,1,1,0.521,2.135
52,1,2,0.521,0.415
52,1,3,0.521,0.055
52,2,0,0.521,-0.144
52,2,1,0.521,0.415
52,2,2,0.521,0.429
52,2,3,0.521,0.633
52,3,0,0.521,-0.026
52,3,1,0.521,0.055
52,3,2,0.521,0.633
52,3,3,0.521,-0.615
53,0,0,0.530,2.572
53,0,1,0.530,0.789
53,0,2,0.530,-0.143
53,0,3,0.530,-0.025
53,1,0,0.530,0.789
53,1,1,0.530,2.136
53,1,2,0.530,0.408
53,1,3,0.530,0.053
53,2,0,0.530,-0.143
53,2,1,0.530,0.408
53,2,2,0.530,0.430
53,2,3,0.530,0.625
53,3,0,0.530,-0.025
53,3,1,0.530,0.053
53,3,2,0.530,0.625
53,3,3,0.530,-0.623
54,0,0,0.540,2.578
54,0,1,0.540,0.786
54,0,2,0.540,-0.141
54,0,3,0.540,-0.025
54,1,0,0.540,0.786
54,1,1,0.540,2.136
54,1,2,0.540,0.401
54,1,3,0.540,0.052
54,2,0,0.540,-0.141
54,2,1,0.540,0.401
54,2,2,0.540,0.432
54,2,3,0.540,0.618
54,3,0,0.540,-0.025
54,3,1,0.540,0.052
54,3,2,0.540,0.618
54,3,3,0.540,-0.631
55,0,0,0.549,2.584
55,0,1,0.549,0.782
55,0,2,0.549,-0.139
55,0,3,0.549,-0.024
55,1,0,0.549,0.782
55,1,1,0.549,2.136
55,1,2,0.549,0.394
55,1,3,0.549,0.050
55,2,0,0.549,-0.139
55,2,1,0.549,0.394
55,2,2,0.549,0.433
55,2,3,0.549,0.610
55,3,0,0.549,-0.024
55,3,1,0.549,0.050
55,3,2,0.549,0.610
55,3,3,0.549,-0.639
56,0,0,0.559,2.590
56,0,1,0.559,0.779
56,0,2,0.559,-0.137
56,0,3,0.559,-0.023
56,1,0,0.559,0.779
56,1,1,0.559,2.136
56,1,2,0.559,0.386
56,1,3,0.559,0.049
56,2,0,0.559,-0.137
56,2,1,0.559,0.386
56,2,2,0.559,0.435
56,2,3,0.559,0.602
56,3,0,0.559,-0.023
56,3,1,0.559,0.049
56,3,2,0.559,0.602
56,3,3,0.559,-0.646
57,0,0,0.569,2.596
57,0,1,0.569,0.775
57,0,2,0.569,-0.136
57,0,3,0.569,-0.023
57,1,0,0.569,0.775
57,1,1,0.569,2.136
57,1,2,0.569,0.379
57,1,3,0.569,0.047
57,2,0,0.569,-0.136
57,2,1,0.569,0.379
57,2,2,0.569,0.437
57,2,3,0.569,0.595
57,3,0,0.569,-0.023
57,3,1,0.569,0.047
57,3,2,0.569,0.595
57,3,3,0.569,-0.654
58,0,0,0.579,2.602
58,0,1,0.579,0.771
58,0,2,0.579,-0.133
58,0,3,0.579,-0.022
58,1,0,0.579,0.771
58,1,1,0.579,2.135
58,1,2,0.579,0.372
58,1,3,0.579,0.045
58,2,0,0.579,-0.133
58,2,1,0.579,0.372
58,2,2,0.579,0.439
58,2,3,0.579,0.587
58,3,0,0.579,-0.022
58,3,1,0.579,0.045
58,3,2,0.579,0.587
58,3,3,0.579,-0.662
59,0,0,0.589,2.609
59,0,1,0.589,0.768
59,0,2,0.589,-0.131
59,0,3,0.589,-0.021
59,1,0,0.589,0.768
59,1,1,0.589,2.134
59,1,2,0.589,0.365
59,1,3,0.589,0.044
59,2,0,0.589,-0.131
59,2,1,0.589,0.365
59,2,2,0.589,0.441
59,2,3,0.589,0.578
59,3,0,0.589,-0.021
59,3,1,0.589,0.044
59,3,2,0.589,0.578
59,3,3,0.589,-0.670
60,0,0,0.599,2.615
60,0,1,0.599,0.764
60,0,2,0.599,-0.129
60,0,3,0.599,-0.021
60,1,0,0.599,0.764
60,1,1,0.599,2.133
60,1,2,0.599,0.358
60,1,3,0.599,0.042
60,2,0,0.599,-0.129
60,2,1,0.599,0.358
60,2,2,0.599,0.443
60,2,3,0.599,0.570
60,3,0,0.599,-0.021
60,3,1,0.599,0.042
60,3,2,0.599,0.570
60,3,3,0.599,-0.677
61,0,0,0.609,2.622
61,0,1,0.609,0.760
61,0,2,0.609,-0.127
61,0,3,0.609,-0.020
61,1,0,0.609,0.760
61,1,1,0.609,2.132
61,1,2,0.609,0.351
61,1,3,0.609,0.040
61,2,0,0.609,-0.127
61,2,1,0.609,0.351
61,2,2,0.609,0.446
61,2,3,0.609,0.562
61,3,0,0.609,-0.020
61,3,1,0.609,0.040
61,3,2,0.609,0.562
61,3,3,0.609,-0.685
62,0,0,0.620,2.629
62,0,1,0.620,0.756
62,0,2,0.620,-0.124
62,0,3,0.620,-0.019
62,1,0,0.620,0.756
62,1,1,0.620,2.130
62,1,2,0.620,0.344
62,1,3,0.620,0.039
62,2,0,0.620,-0.124
62,2,1,0.620,0.344
62,2,2,0.620,0.448
62,2,3,0.620,0.553
62,3,0,0.620,-0.019
62,3,1,0.620,0.039
62,3,2,0.620,0.553
62,3,3,0.620,-0.693
63,0,0,0.631,2.636
63,0,1,0.631,0.752
63,0,2,0.631,-0.122
63,0,3,0.631,-0.018
63,1,0,0.631,0.752
63,1,1,0.631,2.129
63,1,2,0.631,0.337
63,1,3,0.631,0.037
63,2,0,0.631,-0.122
63,2,1,0.631,0.337
63,2,2,0.631,0.451
63,2,3,0.631,0.545
63,3,0,0.631,-0.018
63,3,1,0.631,0.037
63,3,2,0.631,0.545
63,3,3,0.631,-0.700
64,0,0,0.642,2.643
64,0,1,0.642,0.748
64,0,2,0.642,-0.119
64,0,3,0.642,-0.017
64,1,0,0.642,0.748
64,1,1,0.642,2.126
64,1,2,0.642,0.330
64,1,3,0.642,0.035
64,2,0,0.642,-0.119
64,2,1,0.642,0.330
64,2,2,0.642,0.453
64,2,3,0.642,0.536
64,3,0,0.642,-0.017
64,3,1,0.642,0.035
64,3,2,0.642,0.536
64,3,3,0.642,-0.708
65,0,0,0.653,2.650
65,0,1,0.653,0.744
65,0,2,0.653,-0.116
65,0,3,0.653,-0.017
65,1,0,0.653,0.744
65,1,1,0.653,2.124
65,1,2,0.653,0.323
65,1,3,0.653,0.034
65,2,0,0.653,-0.116
65,2,1,0.653,0.323
65,2,2,0.653,0.456
65,2,3,0.653,0.527
65,3,0,0.653,-0.017
65,3,1,0.653,0.034
65,3,2,0.653,0.527
65,3,3,0.653,-0.716
66,0,0,0.665,2.658
66,0,1,0.665,0.740
66,0,2,0.665,-0.113
66,0,3,0.665,-0.016
66,1,0,0.665,0.740
66,1,1,0.665,2.121
66,1,2,0.665,0.317
66,1,3,0.665,0.032
66,2,0,0.665,-0.113
66,2,1,0.665,0.317
66,2,2,0.665,0.459
66,2,3,0.665,0.518
66,3,0,0.665,-0.016
66,3,1,0.665,0.032
66,3,2,0.665,0.518
66,3,3,0.665,-0.723
67,0,0,0.677,2.665
67,0,1,0.677,0.736
67,0,2,0.677,-0.110
67,0,3,0.677,-0.015
67,1,0,0.677,0.736
67,1,1,0.677,2.118
67,1,2,0.677,0.310
67,1,3,0.677,0.031
67,2,0,0.677,-0.110
67,2,1,0.677,0.310
67,2,2,0.677,0.462
67,2,3,0.677,0.508
67,3,0,0.677,-0.015
67,3,1,0.677,0.031
67,3,2,0.677,0.508
67,3,3,0.677,-0.731
68,0,0,0.689,2.673
68,0,1,0.689,0.732
68,0,2,0.689,-0.107
68,0,3,0.689,-0.014
68,1,0,0.689,0.732
68,1,1,0.689,2.115
68,1,2,0.689,0.303
68,1,3,0.689,0.029
68,2,0,0.689,-0.107
68,2,1,0.689,0.303
68,2,2,0.689,0.465
68,2,3,0.689,0.499
68,3,0,0.689,-0.014
68,3,1,0.689,0.029
68,3,2,0.689,0.499
68,3,3,0.689,-0.738
69,0,0,0.702,2.681
69,0,1,0.702,0.727
69,0,2,0.702,-0.104
69,0,3,0.702,-0.013
69,1,0,0.702,0.727
69,1,1,0.702,2.111
69,1,2,0.702,0.296
69,1,3,0.702,0.027
69,2,0,0.702,-0.104
69,2,1,0.702,0.296
69,2,2,0.702,0.468
69,2,3,0.702,0.489
69,3,0,0.702,-0.013
69,3,1,0.702,0.027
69,3,2,0.702,0.489
69,3,3,0.702,-0.746
70,0,0,0.715,2.690
70,0,1,0.715,0.723
70,0,2,0.715,-0.101
70,0,3,0.715,-0.013
70,1,0,0.715,0.723
70,1,1,0.715,2.107
70,1,2,0.715,0.289
70,1,3,0.715,0.026
70,2,0,0.715,-0.101
70,2,1,0.715,0.289
70,2,2,0.715,0.471
70,2,3,0.715,0.479
70,3,0,0.715,-0.013
70,3,1,0.715,0.026
70,3,2,0.715,0.479
70,3,3,0.715,-0.753
71,0,0,0.728,2.698
71,0,1,0.728,0.718
71,0,2,0.728,-0.098
71,0,3,0.728,-0.012
71,1,0,0.728,0.718
71,1,1,0.728,2.103
71,1,2,0.728,0.282
71,1,3,0.728,0.024
71,2,0,0.728,-0.098
71,2,1,0.728,0.282
71,2,2,0.728,0.474
71,2,3,0.728,0.469
71,3,0,0.728,-0.012
71,3,1,0.728,0.024
71,3,2,0.728,0.469
71,3,3,0.728,-0.761
72,0,0,0.742,2.707
72,0,1,0.742,0.713
72,0,2,0.742,-0.094
72,0,3,0.742,-0.011
72,1,0,0.742,0.713
72,1,1,0.742,2.098
72,1,2,0.742,0.275
72,1,3,0.742,0.023
72,2,0,0.742,-0.094
72,2,1,0.742,0.275
72,2,2,0.742,0.477
72,2,3,0.742,0.459
72,3,0,0.742,-0.011
72,3,1,0.742,0.023
72,3,2,0.742,0.459
72,3,3,0.742,-0.768
73,0,0,0.756,2.717
73,0,1,0.756,0.707
73,0,2,0.756,-0.091
73,0,3,0.756,-0.010
73,1,0,0.756,0.707
73,1,1,0.756,2.093
73,1,2,0.756,0.268
73,1,3,0.756,0.021
73,2,0,0.756,-0.091
73,2,1,0.756,0.268
73,2,2,0.756,0.481
73,2,3,0.756,0.448
73,3,0,0.756,-0.010
73,3,1,0.756,0.021
73,3,2,0.756,0.448
73,3,3,0.756,-0.776
74,0,0,0.771,2.727
74,0,1,0.771,0.702
74,0,2,0.771,-0.087
74,0,3,0.771,-0.010
74,1,0,0.771,0.702
74,1,1,0.771,2.087
74,1,2,0.771,0.261
74,1,3,0.771,0.020
74,2,0,0.771,-0.087
74,2,1,0.771,0.261
74,2,2,0.771,0.484
74,2,3,0.771,0.437
74,3,0,0.771,-0.010
74,3,1,0.771,0.020
74,3,2,0.771,0.437
74,3,3,0.771,-0.783
75,0,0,0.785,2.736
75,0,1,0.785,0.697
75,0,2,0.785,-0.084
75,0,3,0.785,-0.009
75,1,0,0.785,0.697
75,1,1,0.785,2.081
75,1,2,0.785,0.255
75,1,3,0.785,0.018
75,2,0,0.785,-0.084
75,2,1,0.785,0.255
75,2,2,0.785,0.487
75,2,3,0.785,0.427
75,3,0,0.785,-0.009
75,3,1,0.785,0.018
75,3,2,0.785,0.427
75,3,3,0.785,-0.790
76,0,0,0.799,2.745
76,0,1,0.799,0.691
76,0,2,0.799,-0.080
76,0,3,0.799,-0.008
76,1,0,0.799,0.691
76,1,1,0.799,2.075
76,1,2,0.799,0.248
76,1,3,0.799,0.017
76,2,0,0.799,-0.080
76,2,1,0.799,0.248
76,2,2,0.799,0.491
76,2,3,0.799,0.416
76,3,0,0.799,-0.008
76,3,1,0.799,0.017
76,3,2,0.799,0.416
76,3,3,0.799,-0.797
77,0,0,0.814,2.755
77,0,1,0.814,0.685
77,0,2,0.814,-0.077
77,0,3,0.814,-0.007
77,1,0,0.814,0.685
77,1,1,0.814,2.069
77,1,2,0.814,0.242
77,1,3,0.814,0.016
77,2,0,0.814,-0.077
77,2,1,0.814,0.242
77,2,2,0.814,0.494
77,2,3,0.814,0.406
77,3,0,0.814,-0.007
77,3,1,0.814,0.016
77,3,2,0.814,0.406
77,3,3,0.814,-0.803
78,0,0,0.830,2.766
78,0,1,0.830,0.679
78,0,2,0.830,-0.073
78,0,3,0.830,-0.007
78,1,0,0.830,0.679
78,1,1,0.830,2.061
78,1,2,0.830,0.235
78,1,3,0.830,0.014
78,2,0,0.830,-0.073
78,2,1,0.830,0.235
78,2,2,0.830,0.497
78,2,3,0.830,0.395
78,3,0,0.830,-0.007
78,3,1,0.830,0.014
78,3,2,0.830,0.395
78,3,3,0.830,-0.810
79,0,0,0.846,2.777
79,0,1,0.846,0.673
79,0,2,0.846,-0.069
79,0,3,0.846,-0.006
79,1,0,0.846,0.673
79,1,1,0.846,2.054
79,1,2,0.846,0.229
79,1,3,0.846,0.013
79,2,0,0.846,-0.069
79,2,1,0.846,0.229
79,2,2,0.846,0.501
79,2,3,0.846,0.383
79,3,0,0.846,-0.006
79,3,1,0.846,0.013
79,3,2,0.846,0.383
79,3,3,0.846,-0.816
80,0,0,0.863,2.788
80,0,1,0.863,0.666
80,0,2,0.863,-0.066
80,0,3,0.863,-0.006
80,1,0,0.863,0.666
80,1,1,0.863,2.045
80,1,2,0.863,0.222
80,1,3,0.863,0.012
80,2,0,0.863,-0.066
80,2,1,0.863,0.222
80,2,2,0.863,0.504
80,2,3,0.863,0.372
80,3,0,0.863,-0.006
80,3,1,0.863,0.012
80,3,2,0.863,0.372
80,3,3,0.863,-0.823
81,0,0,0.881,2.800
81,0,1,0.881,0.658
81,0,2,0.881,-0.062
81,0,3,0.881,-0.005
81,1,0,0.881,0.658
81,1,1,0.881,2.036
81,1,2,0.881,0.215
81,1,3,0.881,0.011
81,2,0,0.881,-0.062
81,2,1,0.881,0.215
81,2,2,0.881,0.507
81,2,3,0.881,0.360
81,3,0,0.881,-0.005
81,3,1,0.881,0.011
81,3,2,0.881,0.360
81,3,3,0.881,-0.829
82,0,0,0.905,2.816
82,0,1,0.905,0.647
82,0,2,0.905,-0.057
82,0,3,0.905,-0.004
82,1,0,0.905,0.647
82,1,1,0.905,2.024
82,1,2,0.905,0.207
82,1,3,0.905,0.009
82,2,0,0.905,-0.057
82,2,1,0.905,0.207
82,2,2,0.905,0.512
82,2,3,0.905,0.344
82,3,0,0.905,-0.004
82,3,1,0.905,0.009
82,3,2,0.905,0.344
82,3,3,0.905,-0.838
83,0,0,0.930,2.833
83,0,1,0.930,0.636
83,0,2,0.930,-0.052
83,0,3,0.930,-0.004
83,1,0,0.930,0.636
83,1,1,0.930,2.011
83,1,2,0.930,0.198
83,1,3,0.930,0.008
83,2,0,0.930,-0.052
83,2,1,0.930,0.198
83,2,2,0.930,0.516
83,2,3,0.930,0.328
83,3,0,0.930,-0.004
83,3,1,0.930,0.008
83,3,2,0.930,0.328
83,3,3,0.930,-0.845
84,0,0,0.956,2.850
84,0,1,0.956,0.624
84,0,2,0.956,-0.047
84,0,3,0.956,-0.003
84,1,0,0.956,0.624
84,1,1,0.956,1.997
84,1,2,0.956,0.190
84,1,3,0.956,0.007
84,2,0,0.956,-0.047
84,2,1,0.956,0.190
84,2,2,0.956,0.520
84,2,3,0.956,0.312
84,3,0,0.956,-0.003
84,3,1,0.956,0.007
84,3,2,0.956,0.312
84,3,3,0.956,-0.853
85,0,0,0.982,2.868
85,0,1,0.982,0.610
85,0,2,0.982,-0.042
85,0,3,0.982,-0.003
85,1,0,0.982,0.610
85,1,1,0.982,1.982
85,1,2,0.982,0.181
85,1,3,0.982,0.006
85,2,0,0.982,-0.042
85,2,1,0.982,0.181
85,2,2,0.982,0.524
85,2,3,0.982,0.296
85,3,0,0.982,-0.003
85,3,1,0.982,0.006
85,3,2,0.982,0.296
85,3,3,0.982,-0.860
86,0,0,1.026,2.897
86,0,1,1.026,0.587
86,0,2,1.026,-0.035
86,0,3,1.026,-0.002
86,1,0,1.026,0.587
86,1,1,1.026,1.958
86,1,2,1.026,0.168
86,1,3,1.026,0.004
86,2,0,1.026,-0.035
86,2,1,1.026,0.168
86,2,2,1.026,0.530
86,2,3,1.026,0.271
86,3,0,1.026,-0.002
86,3,1,1.026,0.004
86,3,2,1.026,0.271
86,3,3,1.026,-0.870
87,0,0,1.070,2.925
87,0,1,1.070,0.563
87,0,2,1.070,-0.029
87,0,3,1.070,-0.001
87,1,0,1.070,0.563
87,1,1,1.070,1.933
87,1,2,1.070,0.157
87,1,3,1.070,0.003
87,2,0,1.070,-0.029
87,2,1,1.070,0.157
87,2,2,1.070,0.535
87,2,3,1.070,0.248
87,3,0,1.070,-0.001
87,3,1,1.070,0.003
87,3,2,1.070,0.248
87,3,3,1.070,-0.878
88,0,0,1.112,2.951
88,0,1,1.112,0.539
88,0,2,1.112,-0.023
88,0,3,1.112,-0.001
88,1,0,1.112,0.539
88,1,1,1.112,1.910
88,1,2,1.112,0.146
88,1,3,1.112,0.002
88,2,0,1.112,-0.023
88,2,1,1.112,0.146
88,2,2,1.112,0.539
88,2,3,1.112,0.226
88,3,0,1.112,-0.001
88,3,1,1.112,0.002
88,3,2,1.112,0.226
88,3,3,1.112,-0.885
89,0,0,1.155,2.976
89,0,1,1.155,0.513
89,0,2,1.155,-0.019
89,0,3,1.155,-0.001
89,1,0,1.155,0.513
89,1,1,1.155,1.887
89,1,2,1.155,0.136
89,1,3,1.155,0.001
89,2,0,1.155,-0.019
89,2,1,1.155,0.136
89,2,2,1.155,0.542
89,2,3,1.155,0.207
89,3,0,1.155,-0.001
89,3,1,1.155,0.001
89,3,2,1.155,0.207
89,3,3,1.155,-0.891
90,0,0,1.186,2.994
90,0,1,1.186,0.493
90,0,2,1.186,-0.016
90,0,3,1.186,-0.001
90,1,0,1.186,0.493
90,1,1,1.186,1.871
90,1,2,1.186,0.130
90,1,3,1.186,0.001
90,2,0,1.186,-0.016
90,2,1,1.186,0.130
90,2,2,1.186,0.545
90,2,3,1.186,0.193
90,3,0,1.186,-0.001
90,3,1,1.186,0.001
90,3,2,1.186,0.193
90,3,3,1.186,-0.895
91,0,0,1.217,3.010
91,0,1,1.217,0.473
91,0,2,1.217,-0.013
91,0,3,1.217,-0.000
91,1,0,1.217,0.473
91,1,1,1.217,1.856
91,1,2,1.217,0.124
91,1,3,1.217,0.001
91,2,0,1.217,-0.013
91,2,1,1.217,0.124
91,2,2,1.217,0.546
91,2,3,1.217,0.181
91,3,0,1.217,-0.000
91,3,1,1.217,0.001
91,3,2,1.217,0.181
91,3,3,1.217,-0.898
92,0,0,1.248,3.026
92,0,1,1.248,0.454
92,0,2,1.248,-0.011
92,0,3,1.248,-0.000
92,1,0,1.248,0.454
92,1,1,1.248,1.842
92,1,2,1.248,0.118
92,1,3,1.248,0.000
92,2,0,1.248,-0.011
92,2,1,1.248,0.118
92,2,2,1.248,0.548
92,2,3,1.248,0.169
92,3,0,1.248,-0.000
92,3,1,1.248,0.000
92,3,2,1.248,0.169
92,3,3,1.248,-0.901
93,0,0,1.279,3.041
93,0,1,1.279,0.434
93,0,2,1.279,-0.009
93,0,3,1.279,-0.000
93,1,0,1.279,0.434
93,1,1,1.279,1.828
93,1,2,1.279,0.112
93,1,3,1.279,0.000
93,2,0,1.279,-0.009
93,2,1,1.279,0.112
93,2,2,1.279,0.549
93,2,3,1.279,0.158
93,3,0,1.279,-0.000
93,3,1,1.279,0.000
93,3,2,1.279,0.158
93,3,3,1.279,-0.904
94,0,0,1.310,3.054
94,0,1,1.310,0.413
94,0,2,1.310,-0.007
94,0,3,1.310,-0.000
94,1,0,1.310,0.413
94,1,1,1.310,1.815
94,1,2,1.310,0.107
94,1,3,1.310,0.000
94,2,0,1.310,-0.007
94,2,1,1.310,0.107
94,2,2,1.310,0.551
94,2,3,1.310,0.148
94,3,0,1.310,-0.000
94,3,1,1.310,0.000
94,3,2,1.310,0.148
94,3,3,1.310,-0.906
95,0,0,1.341,3.067
95,0,1,1.341,0.393
95,0,2,1.341,-0.006
95,0,3,1.341,-0.000
95,1,0,1.341,0.393
95,1,1,1.341,1.803
95,1,2,1.341,0.102
95,1,3,1.341,0.000
95,2,0,1.341,-0.006
95,2,1,1.341,0.102
95,2,2,1.341,0.552
95,2,3,1.341,0.138
95,3,0,1.341,-0.000
95,3,1,1.341,0.000
95,3,2,1.341,0.138
95,3,3,1.341,-0.908
96,0,0,1.373,3.080
96,0,1,1.373,0.373
96,0,2,1.373,-0.005
96,0,3,1.373,-0.000
96,1,0,1.373,0.373
96,1,1,1.373,1.792
96,1,2,1.373,0.097
96,1,3,1.373,-0.000
96,2,0,1.373,-0.005
96,2,1,1.373,0.097
96,2,2,1.373,0.553
96,2,3,1.373,0.129
96,3,0,1.373,-0.000
96,3,1,1.373,-0.000
96,3,2,1.373,0.129
96,3,3,1.373,-0.909
97,0,0,1.405,3.091
97,0,1,1.405,0.353
97,0,2,1.405,-0.004
97,0,3,1.405,-0.000
97,1,0,1.405,0.353
97,1,1,1.405,1.781
97,1,2,1.405,0.093
97,1,3,1.405,-0.000
97,2,0,1.405,-0.004
97,2,1,1.405,0.093
97,2,2,1.405,0.553
97,2,3,1.405,0.120
97,3,0,1.405,-0.000
97,3,1,1.405,-0.000
97,3,2,1.405,0.120
97,3,3,1.405,-0.911
98,0,0,1.438,3.101
98,0,1,1.438,0.332
98,0,2,1.438,-0.003
98,0,3,1.438,-0.000
98,1,0,1.438,0.332
98,1,1,1.438,1.771
98,1,2,1.438,0.088
98,1,3,1.438,-0.000
98,2,0,1.438,-0.003
98,2,1,1.438,0.088
98,2,2,1.438,0.554
98,2,3,1.438,0.111
98,3,0,1.438,-0.000
98,3,1,1.438,-0.000
98,3,2,1.438,0.111
98,3,3,1.438,-0.912
99,0,0,1.473,3.111
99,0,1,1.473,0.312
99,0,2,1.473,-0.002
99,0,3,1.473,-0.000
99,1,0,1.473,0.312
99,1,1,1.473,1.762
99,1,2,1.473,0.084
99,1,3,1.473,-0.000
99,2,0,1.473,-0.002
99,2,1,1.473,0.084
99,2,2,1.473,0.555
99,2,3,1.473,0.103
99,3,0,1.473,-0.000
99,3,1,1.473,-0.000
99,3,2,1.473,0.103
99,3,3,1.473,-0.914
100,0,0,1.508,3.120
100,0,1,1.508,0.292
100,0,2,1.508,-0.001
100,0,3,1.508,-0.000
100,1,0,1.508,0.292
100,1,1,1.508,1.754
100,1,2,1.508,0.080
100,1,3,1.508,-0.000
100,2,0,1.508,-0.001
100,2,1,1.508,0.080
100,2,2,1.508,0.555
100,2,3,1.508,0.095
100,3,0,1.508,-0.000
100,3,1,1.508,-0.000
100,3,2,1.508,0.095
100,3,3,1.508,-0.915
101,0,0,1.545,3.129
101,0,1,1.545,0.271
101,0,2,1.545,-0.001
101,0,3,1.545,-0.000
101,1,0,1.545,0.271
101,1,1,1.545,1.746
101,1,2,1.545,0.075
101,1,3,1.545,-0.000
101,2,0,1.545,-0.001
101,2,1,1.545,0.075
101,2,2,1.545,0.555
101,2,3,1.545,0.088
101,3,0,1.545,-0.000
101,3,1,1.545,-0.000
101,3,2,1.545,0.088
101,3,3,1.545,-0.916
102,0,0,1.584,3.136
102,0,1,1.584,0.251
102,0,2,1.584,-0.001
102,0,3,1.584,-0.000
102,1,0,1.584,0.251
102,1,1,1.584,1.739
102,1,2,1.584,0.071
102,1,3,1.584,-0.000
102,2,0,1.584,-0.001
102,2,1,1.584,0.071
102,2,2,1.584,0.556
102,2,3,1.584,0.080
102,3,0,1.584,-0.000
102,3,1,1.584,-0.000
102,3,2,1.584,0.080
102,3,3,1.584,-0.916
103,0,0,1.626,3.143
103,0,1,1.626,0.231
103,0,2,1.626,-0.000
103,0,3,1.626,-0.000
103,1,0,1.626,0.231
103,1,1,1.626,1.733
103,1,2,1.626,0.067
103,1,3,1.626,-0.000
103,2,0,1.626,-0.000
103,2,1,1.626,0.067
103,2,2,1.626,0.556
103,2,3,1.626,0.073
103,3,0,1.626,-0.000
103,3,1,1.626,-0.000
103,3,2,1.626,0.073
103,3,3,1.626,-0.917
104,0,0,1.669,3.149
104,0,1,1.669,0.211
104,0,2,1.669,-0.000
104,0,3,1.669,0.000
104,1,0,1.669,0.211
104,1,1,1.669,1.727
104,1,2,1.669,0.063
104,1,3,1.669,-0.000
104,2,0,1.669,-0.000
104,2,1,1.669,0.063
104,2,2,1.669,0.556
104,2,3,1.669,0.066
104,3,0,1.669,0.000
104,3,1,1.669,-0.000
104,3,2,1.669,0.066
104,3,3,1.669,-0.918
105,0,0,1.716,3.155
105,0,1,1.716,0.191
105,0,2,1.716,0.000
105,0,3,1.716,0.000
105,1,0,1.716,0.191
105,1,1,1.716,1.721
105,1,2,1.716,0.059
105,1,3,1.716,-0.000
105,2,0,1.716,0.000
105,2,1,1.716,0.059
105,2,2,1.716,0.556
105,2,3,1.716,0.059
105,3,0,1.716,0.000
105,3,1,1.716,-0.000
105,3,2,1.716,0.059
105,3,3,1.716,-0.918
106,0,0,1.767,3.160
106,0,1,1.767,0.171
106,0,2,1.767,0.000
106,0,3,1.767,0.000
106,1,0,1.767,0.171
106,1,1,1.767,1.717
106,1,2,1.767,0.055
106,1,3,1.767,-0.000
106,2,0,1.767,0.000
106,2,1,1.767,0.055
106,2,2,1.767,0.556
106,2,3,1.767,0.053
106,3,0,1.767,0.000
106,3,1,1.767,-0.000
106,3,2,1.767,0.053
106,3,3,1.767,-0.919
107,0,0,1.822,3.164
107,0,1,1.822,0.151
107,0,2,1.822,0.000
107,0,3,1.822,0.000
107,1,0,1.822,0.151
107,1,1,1.822,1.713
107,1,2,1.822,0.051
107,1,3,1.822,-0.000
107,2,0,1.822,0.000
107,2,1,1.822,0.051
107,2,2,1.822,0.557
107,2,3,1.822,0.046
107,3,0,1.822,0.000
107,3,1,1.822,-0.000
107,3,2,1.822,0.046
107,3,3,1.822,-0.919
108,0,0,1.884,3.168
108,0,1,1.884,0.131
108,0,2,1.884,0.000
108,0,3,1.884,0.000
108,1,0,1.884,0.131
108,1,1,1.884,1.709
108,1,2,1.884,0.047
108,1,3,1.884,-0.000
108,2,0,1.884,0.000
108,2,1,1.884,0.047
108,2,2,1.884,0.557
108,2,3,1.884,0.040
108,3,0,1.884,0.000
108,3,1,1.884,-0.000
108,3,2,1.884,0.040
108,3,3,1.884,-0.920
109,0,0,1.952,3.171
109,0,1,1.952,0.112
109,0,2,1.952,0.000
109,0,3,1.952,0.000
109,1,0,1.952,0.112
109,1,1,1.952,1.707
109,1,2,1.952,0.042
109,1,3,1.952,-0.000
109,2,0,1.952,0.000
109,2,1,1.952,0.042
109,2,2,1.952,0.556
109,2,3,1.952,0.034
109,3,0,1.952,0.000
109,3,1,1.952,-0.000
109,3,2,1.952,0.034
109,3,3,1.952,-0.920
110,0,0,2.030,3.174
110,0,1,2.030,0.093
110,0,2,2.030,0.000
110,0,3,2.030,0.000
110,1,0,2.030,0.093
110,1,1,2.030,1.704
110,1,2,2.030,0.038
110,1,3,2.030,-0.000
110,2,0,2.030,0.000
110,2,1,2.030,0.038
110,2,2,2.030,0.556
110,2,3,2.030,0.028
110,3,0,2.030,0.000
110,3,1,2.030,-0.000
110,3,2,2.030,0.028
110,3,3,2.030,-0.920
111,0,0,2.121,3.176
111,0,1,2.121,0.075
111,0,2,2.121,0.000
111,0,3,2.121,0.000
111,1,0,2.121,0.075
111,1,1,2.121,1.702
111,1,2,2.121,0.034
111,1,3,2.121,-0.000
111,2,0,2.121,0.000
111,2,1,2.121,0.034
111,2,2,2.121,0.556
111,2,3,2.121,0.023
111,3,0,2.121,0.000
111,3,1,2.121,-0.000
111,3,2,2.121,0.023
111,3,3,2.121,-0.920
112,0,0,2.230,3.178
112,0,1,2.230,0.057
112,0,2,2.230,0.000
112,0,3,2.230,0.000
112,1,0,2.230,0.057
112,1,1,2.230,1.701
112,1,2,2.230,0.029
112,1,3,2.230,-0.000
112,2,0,2.230,0.000
112,2,1,2.230,0.029
112,2,2,2.230,0.556
112,2,3,2.230,0.017
112,3,0,2.230,0.000
112,3,1,2.230,-0.000
112,3,2,2.230,0.017
112,3,3,2.230,-0.921
113,0,0,2.364,3.179
113,0,1,2.364,0.040
113,0,2,2.364,0.000
113,0,3,2.364,0.000
113,1,0,2.364,0.040
113,1,1,2.364,1.700
113,1,2,2.364,0.024
113,1,3,2.364,-0.000
113,2,0,2.364,0.000
113,2,1,2.364,0.024
113,2,2,2.364,0.556
113,2,3,2.364,0.012
113,3,0,2.364,0.000
113,3,1,2.364,-0.000
113,3,2,2.364,0.012
113,3,3,2.364,-0.921
114,0,0,2.540,3.180
114,0,1,2.540,0.025
114,0,2,2.540,0.000
114,0,3,2.540,0.000
114,1,0,2.540,0.025
114,1,1,2.540,1.700
114,1,2,2.540,0.018
114,1,3,2.540,-0.000
114,2,0,2.540,0.000
114,2,1,2.540,0.018
114,2,2,2.540,0.556
114,2,3,2.540,0.008
114,3,0,2.540,0.000
114,3,1,2.540,-0.000
114,3,2,2.540,0.008
114,3,3,2.540,-0.921
115,0,0,2.787,3.180
115,0,1,2.787,0.011
115,0,2,2.787,0.000
115,0,3,2.787,0.000
115,1,0,2.787,0.011
115,1,1,2.787,1.700
115,1,2,2.787,0.012
115,1,3,2.787,-0.000
115,2,0,2.787,0.000
115,2,1,2.787,0.012
115,2,2,2.787,0.556
115,2,3,2.787,0.003
115,3,0,2.787,0.000
115,3,1,2.787,-0.000
115,3,2,2.787,0.003
115,3,3,2.787,-0.921
116,0,0,3.187,3.180
116,0,1,3.187,0.001
116,0,2,3.187,0.000
116,0,3,3.187,-0.000
116,1,0,3.187,0.001
116,1,1,3.187,1.700
116,1,2,3.187,0.006
116,1,3,3.187,-0.000
116,2,0,3.187,0.000
116,2,1,3.187,0.006
116,2,2,3.187,0.556
116,2,3,3.187,0.000
116,3,0,3.187,-0.000
116,3,1,3.187,-0.000
116,3,2,3.187,0.000
116,3,3,3.187,-0.921
117,0,0,3.673,3.180
117,0,1,3.673,-0.000
117,0,2,3.673,-0.000
117,0,3,3.673,0.000
117,1,0,3.673,-0.000
117,1,1,3.673,1.700
117,1,2,3.673,0.002
117,1,3,3.673,0.000
117,2,0,3.673,-0.000
117,2,1,3.673,0.002
117,2,2,3.673,0.556
117,2,3,3.673,-0.000
117,3,0,3.673,0.000
117,3,1,3.673,0.000
117,3,2,3.673,-0.000
117,3,3,3.673,-0.921
118,0,0,4.729,3.180
118,0,1,4.729,0.000
118,0,2,4.729,0.000
118,0,3,4.729,-0.000
118,1,0,4.729,0.000
118,1,1,4.729,1.700
118,1,2,4.729,-0.001
118,1,3,4.729,-0.000
118,2,0,4.729,0.000
118,2,1,4.729,-0.001
118,2,2,4.729,0.556
118,2,3,4.729,0.000
118,3,0,4.729,-0.000
118,3,1,4.729,-0.000
118,3,2,4.729,0.000
118,3,3,4.729,-0.921
119,0,0,7.728,3.180
119,0,1,7.728,-0.001
119,0,2,7.728,-0.000
119,0,3,7.728,0.000
119,1,0,7.728,-0.001
119,1,1,7.728,1.700
119,1,2,7.728,0.002
119,1,3,7.728,0.000
119,2,0,7.728,-0.000
119,2,1,7.728,0.002
119,2,2,7.728,0.556
119,2,3,7.728,-0.000
119,3,0,7.728,0.000
119,3,1,7.728,0.000
119,3,2,7.728,-0.000
119,3,3,7.728,-0.921
120,0,0,10.193,3.180
120,0,1,10.193,0.003
120,0,2,10.193,0.001
120,0,3,10.193,-0.000
120,1,0,10.193,0.003
120,1,1,10.193,1.700
120,1,2,10.193,-0.005
120,1,3,10.193,-0.000
120,2,0,10.193,0.001
120,2,1,10.193,-0.005
120,2,2,10.193,0.556
120,2,3,10.193,0.001
120,3,0,10.193,-0.000
120,3,1,10.193,-0.000
120,3,2,10.193,0.001
120,3,3,10.193,-0.921
