116,4,time,val
0,0,0,0.015,0.000
0,0,1,0.015,-0.026
0,0,2,0.015,0.001
0,0,3,0.015,0.000
0,1,0,0.015,-0.026
0,1,1,0.015,0.000
0,1,2,0.015,-0.026
0,1,3,0.015,0.001
0,2,0,0.015,0.001
0,2,1,0.015,-0.026
0,2,2,0.015,0.000
0,2,3,0.015,-0.026
0,3,0,0.015,0.000
0,3,1,0.015,0.001
0,3,2,0.015,-0.026
0,3,3,0.015,0.000
1,0,0,0.030,0.000
1,0,1,0.030,-0.026
1,0,2,0.030,0.003
1,0,3,0.030,-0.000
1,1,0,0.030,-0.026
1,1,1,0.030,0.000
1,1,2,0.030,-0.028
1,1,3,0.030,0.003
1,2,0,0.030,0.003
1,2,1,0.030,-0.028
1,2,2,0.030,0.000
1,2,3,0.030,-0.026
1,3,0,0.030,-0.000
1,3,1,0.030,0.003
1,3,2,0.030,-0.026
1,3,3,0.030,0.000
2,0,0,0.045,0.000
2,0,1,0.045,-0.027
2,0,2,0.045,0.005
2,0,3,0.045,-0.000
2,1,0,0.045,-0.027
2,1,1,0.045,0.000
2,1,2,0.045,-0.030
2,1,3,0.045,0.005
2,2,0,0.045,0.005
2,2,1,0.045,-0.030
2,2,2,0.045,0.000
2,2,3,0.045,-0.027
2,3,0,0.045,-0.000
2,3,1,0.045,0.005
2,3,2,0.045,-0.027
2,3,3,0.045,0.000
3,0,0,0.060,0.000
3,0,1,0.060,-0.028
3,0,2,0.060,0.006
3,0,3,0.060,-0.001
3,1,0,0.060,-0.028
3,1,1,0.060,0.000
3,1,2,0.060,-0.032
3,1,3,0.060,0.006
3,2,0,0.060,0.006
3,2,1,0.060,-0.032
3,2,2,0.060,0.000
3,2,3,0.060,-0.028
3,3,0,0.060,-0.001
3,3,1,0.060,0.006
3,3,2,0.060,-0.028
3,3,3,0.060,0.000
4,0,0,0.075,0.000
4,0,1,0.075,-0.028
4,0,2,0.075,0.008
4,0,3,0.075,-0.001
4,1,0,0.075,-0.028
4,1,1,0.075,0.000
4,1,2,0.075,-0.034
4,1,3,0.075,0.008
4,2,0,0.075,0.008
4,2,1,0.075,-0.034
4,2,2,0.075,0.000
4,2,3,0.075,-0.028
4,3,0,0.075,-0.001
4,3,1,0.075,0.008
4,3,2,0.075,-0.028
4,3,3,0.075,0.000
5,0,0,0.089,0.000
5,0,1,0.089,-0.029
5,0,2,0.089,0.010
5,0,3,0.089,-0.001
5,1,0,0.089,-0.029
5,1,1,0.089,0.000
5,1,2,0.089,-0.036
5,1,3,0.089,0.010
5,2,0,0.089,0.010
5,2,1,0.089,-0.036
5,2,2,0.089,0.000
5,2,3,0.089,-0.029
5,3,0,0.089,-0.001
5,3,1,0.089,0.010
5,3,2,0.089,-0.029
5,3,3,0.089,0.000
6,0,0,0.104,0.000
6,0,1,0.104,-0.029
6,0,2,0.104,0.012
6,0,3,0.104,-0.002
6,1,0,0.104,-0.029
6,1,1,0.104,0.000
6,1,2,0.104,-0.038
6,1,3,0.104,0.012
6,2,0,0.104,0.012
6,2,1,0.104,-0.038
6,2,2,0.104,0.000
6,2,3,0.104,-0.030
6,3,0,0.104,-0.002
6,3,1,0.104,0.012
6,3,2,0.104,-0.030
6,3,3,0.104,0.000
7,0,0,0.119,0.000
7,0,1,0.119,-0.030
7,0,2,0.119,0.014
7,0,3,0.119,-0.003
7,1,0,0.119,-0.030
7,1,1,0.119,0.000
7,1,2,0.119,-0.041
7,1,3,0.119,0.014
7,2,0,0.119,0.014
7,2,1,0.119,-0.041
7,2,2,0.119,0.000
7,2,3,0.119,-0.030
7,3,0,0.119,-0.003
7,3,1,0.119,0.014
7,3,2,0.119,-0.030
7,3,3,0.119,0.000
8,0,0,0.134,0.000
8,0,1,0.134,-0.030
8,0,2,0.134,0.017
8,0,3,0.134,-0.004
8,1,0,0.134,-0.030
8,1,1,0.134,0.000
8,1,2,0.134,-0.043
8,1,3,0.134,0.016
8,2,0,0.134,0.017
8,2,1,0.134,-0.043
8,2,2,0.134,0.000
8,2,3,0.134,-0.031
8,3,0,0.134,-0.004
8,3,1,0.134,0.016
8,3,2,0.134,-0.031
8,3,3,0.134,0.000
9,0,0,0.148,0.000
9,0,1,0.148,-0.031
9,0,2,0.148,0.019
9,0,3,0.148,-0.005
9,1,0,0.148,-0.031
9,1,1,0.148,0.000
9,1,2,0.148,-0.046
9,1,3,0.148,0.018
9,2,0,0.148,0.019
9,2,1,0.148,-0.046
9,2,2,0.148,0.000
9,2,3,0.148,-0.031
9,3,0,0.148,-0.005
9,3,1,0.148,0.018
9,3,2,0.148,-0.031
9,3,3,0.148,0.000
10,0,0,0.163,0.000
10,0,1,0.163,-0.031
10,0,2,0.163,0.021
10,0,3,0.163,-0.006
10,1,0,0.163,-0.031
10,1,1,0.163,0.000
10,1,2,0.163,-0.049
10,1,3,0.163,0.021
10,2,0,0.163,0.021
10,2,1,0.163,-0.049
10,2,2,0.163,0.000
10,2,3,0.163,-0.032
10,3,0,0.163,-0.006
10,3,1,0.163,0.021
10,3,2,0.163,-0.032
10,3,3,0.163,0.000
11,0,0,0.178,0.000
11,0,1,0.178,-0.031
11,0,2,0.178,0.024
11,0,3,0.178,-0.007
11,1,0,0.178,-0.031
11,1,1,0.178,0.000
11,1,2,0.178,-0.052
11,1,3,0.178,0.023
11,2,0,0.178,0.024
11,2,1,0.178,-0.052
11,2,2,0.178,0.000
11,2,3,0.178,-0.032
11,3,0,0.178,-0.007
11,3,1,0.178,0.023
11,3,2,0.178,-0.032
11,3,3,0.178,0.000
12,0,0,0.194,0.000
12,0,1,0.194,-0.031
12,0,2,0.194,0.027
12,0,3,0.194,-0.009
12,1,0,0.194,-0.031
12,1,1,0.194,0.000
12,1,2,0.194,-0.055
12,1,3,0.194,0.026
12,2,0,0.194,0.027
12,2,1,0.194,-0.055
12,2,2,0.194,0.000
12,2,3,0.194,-0.033
12,3,0,0.194,-0.009
12,3,1,0.194,0.026
12,3,2,0.194,-0.033
12,3,3,0.194,0.000
13,0,0,0.209,0.000
13,0,1,0.209,-0.031
13,0,2,0.209,0.030
13,0,3,0.209,-0.010
13,1,0,0.209,-0.031
13,1,1,0.209,0.000
13,1,2,0.209,-0.058
13,1,3,0.209,0.029
13,2,0,0.209,0.030
13,2,1,0.209,-0.058
13,2,2,0.209,0.000
13,2,3,0.209,-0.033
13,3,0,0.209,-0.010
13,3,1,0.209,0.029
13,3,2,0.209,-0.033
13,3,3,0.209,0.000
14,0,0,0.223,0.000
14,0,1,0.223,-0.032
14,0,2,0.223,0.033
14,0,3,0.223,-0.012
14,1,0,0.223,-0.032
14,1,1,0.223,0.000
14,1,2,0.223,-0.062
14,1,3,0.223,0.031
14,2,0,0.223,0.033
14,2,1,0.223,-0.062
14,2,2,0.223,0.000
14,2,3,0.223,-0.034
14,3,0,0.223,-0.012
14,3,1,0.223,0.031
14,3,2,0.223,-0.034
14,3,3,0.223,0.000
15,0,0,0.237,0.000
15,0,1,0.237,-0.032
15,0,2,0.237,0.036
15,0,3,0.237,-0.014
15,1,0,0.237,-0.032
15,1,1,0.237,0.000
15,1,2,0.237,-0.065
15,1,3,0.237,0.034
15,2,0,0.237,0.036
15,2,1,0.237,-0.065
15,2,2,0.237,0.000
15,2,3,0.237,-0.034
15,3,0,0.237,-0.014
15,3,1,0.237,0.034
15,3,2,0.237,-0.034
15,3,3,0.237,0.000
16,0,0,0.251,0.000
16,0,1,0.251,-0.032
16,0,2,0.251,0.039
16,0,3,0.251,-0.015
16,1,0,0.251,-0.032
16,1,1,0.251,0.000
16,1,2,0.251,-0.068
16,1,3,0.251,0.036
16,2,0,0.251,0.039
16,2,1,0.251,-0.068
16,2,2,0.251,0.000
16,2,3,0.251,-0.034
16,3,0,0.251,-0.015
16,3,1,0.251,0.036
16,3,2,0.251,-0.034
16,3,3,0.251,0.000
17,0,0,0.265,0.000
17,0,1,0.265,-0.032
17,0,2,0.265,0.042
17,0,3,0.265,-0.018
17,1,0,0.265,-0.032
17,1,1,0.265,0.000
17,1,2,0.265,-0.072
17,1,3,0.265,0.039
17,2,0,0.265,0.042
17,2,1,0.265,-0.072
17,2,2,0.265,0.000
17,2,3,0.265,-0.035
17,3,0,0.265,-0.018
17,3,1,0.265,0.039
17,3,2,0.265,-0.035
17,3,3,0.265,0.000
18,0,0,0.279,0.000
18,0,1,0.279,-0.031
18,0,2,0.279,0.045
18,0,3,0.279,-0.020
18,1,0,0.279,-0.031
18,1,1,0.279,0.000
18,1,2,0.279,-0.076
18,1,3,0.279,0.042
18,2,0,0.279,0.045
18,2,1,0.279,-0.076
18,2,2,0.279,0.000
18,2,3,0.279,-0.035
18,3,0,0.279,-0.020
18,3,1,0.279,0.042
18,3,2,0.279,-0.035
18,3,3,0.279,0.000
19,0,0,0.287,0.000
19,0,1,0.287,-0.031
19,0,2,0.287,0.047
19,0,3,0.287,-0.021
19,1,0,0.287,-0.031
19,1,1,0.287,0.000
19,1,2,0.287,-0.078
19,1,3,0.287,0.043
19,2,0,0.287,0.047
19,2,1,0.287,-0.078
19,2,2,0.287,0.000
19,2,3,0.287,-0.035
19,3,0,0.287,-0.021
19,3,1,0.287,0.043
19,3,2,0.287,-0.035
19,3,3,0.287,0.000
20,0,0,0.295,0.000
20,0,1,0.295,-0.031
20,0,2,0.295,0.049
20,0,3,0.295,-0.022
20,1,0,0.295,-0.031
20,1,1,0.295,0.000
20,1,2,0.295,-0.080
20,1,3,0.295,0.045
20,2,0,0.295,0.049
20,2,1,0.295,-0.080
20,2,2,0.295,0.000
20,2,3,0.295,-0.035
20,3,0,0.295,-0.022
20,3,1,0.295,0.045
20,3,2,0.295,-0.035
20,3,3,0.295,0.000
21,0,0,0.303,0.000
21,0,1,0.303,-0.031
21,0,2,0.303,0.051
21,0,3,0.303,-0.024
21,1,0,0.303,-0.031
21,1,1,0.303,0.000
21,1,2,0.303,-0.082
21,1,3,0.303,0.046
21,2,0,0.303,0.051
21,2,1,0.303,-0.082
21,2,2,0.303,0.000
21,2,3,0.303,-0.035
21,3,0,0.303,-0.024
21,3,1,0.303,0.046
21,3,2,0.303,-0.035
21,3,3,0.303,0.000
22,0,0,0.310,0.000
22,0,1,0.310,-0.031
22,0,2,0.310,0.053
22,0,3,0.310,-0.025
22,1,0,0.310,-0.031
22,1,1,0.310,0.000
22,1,2,0.310,-0.084
22,1,3,0.310,0.048
22,2,0,0.310,0.053
22,2,1,0.310,-0.084
22,2,2,0.310,0.000
22,2,3,0.310,-0.036
22,3,0,0.310,-0.025
22,3,1,0.310,0.048
22,3,2,0.310,-0.036
22,3,3,0.310,0.000
23,0,0,0.318,0.000
23,0,1,0.318,-0.031
23,0,2,0.318,0.055
23,0,3,0.318,-0.027
23,1,0,0.318,-0.031
23,1,1,0.318,0.000
23,1,2,0.318,-0.086
23,1,3,0.318,0.050
23,2,0,0.318,0.055
23,2,1,0.318,-0.086
23,2,2,0.318,0.000
23,2,3,0.318,-0.036
23,3,0,0.318,-0.027
23,3,1,0.318,0.050
23,3,2,0.318,-0.036
23,3,3,0.318,0.000
24,0,0,0.326,0.000
24,0,1,0.326,-0.031
24,0,2,0.326,0.057
24,0,3,0.326,-0.028
24,1,0,0.326,-0.031
24,1,1,0.326,0.000
24,1,2,0.326,-0.089
24,1,3,0.326,0.051
24,2,0,0.326,0.057
24,2,1,0.326,-0.089
24,2,2,0.326,0.000
24,2,3,0.326,-0.036
24,3,0,0.326,-0.028
24,3,1,0.326,0.051
24,3,2,0.326,-0.036
24,3,3,0.326,0.000
25,0,0,0.334,0.000
25,0,1,0.334,-0.031
25,0,2,0.334,0.059
25,0,3,0.334,-0.030
25,1,0,0.334,-0.031
25,1,1,0.334,0.000
25,1,2,0.334,-0.091
25,1,3,0.334,0.053
25,2,0,0.334,0.059
25,2,1,0.334,-0.091
25,2,2,0.334,0.000
25,2,3,0.334,-0.036
25,3,0,0.334,-0.030
25,3,1,0.334,0.053
25,3,2,0.334,-0.036
25,3,3,0.334,0.000
26,0,0,0.342,0.000
26,0,1,0.342,-0.030
26,0,2,0.342,0.061
26,0,3,0.342,-0.031
26,1,0,0.342,-0.030
26,1,1,0.342,0.000
26,1,2,0.342,-0.093
26,1,3,0.342,0.054
26,2,0,0.342,0.061
26,2,1,0.342,-0.093
26,2,2,0.342,0.000
26,2,3,0.342,-0.036
26,3,0,0.342,-0.031
26,3,1,0.342,0.054
26,3,2,0.342,-0.036
26,3,3,0.342,0.000
27,0,0,0.350,0.000
27,0,1,0.350,-0.030
27,0,2,0.350,0.063
27,0,3,0.350,-0.033
27,1,0,0.350,-0.030
27,1,1,0.350,0.000
27,1,2,0.350,-0.095
27,1,3,0.350,0.056
27,2,0,0.350,0.063
27,2,1,0.350,-0.095
27,2,2,0.350,0.000
27,2,3,0.350,-0.036
27,3,0,0.350,-0.033
27,3,1,0.350,0.056
27,3,2,0.350,-0.036
27,3,3,0.350,0.000
28,0,0,0.358,0.000
28,0,1,0.358,-0.030
28,0,2,0.358,0.066
28,0,3,0.358,-0.034
28,1,0,0.358,-0.030
28,1,1,0.358,0.000
28,1,2,0.358,-0.098
28,1,3,0.358,0.058
28,2,0,0.358,0.066
28,2,1,0.358,-0.098
28,2,2,0.358,0.000
28,2,3,0.358,-0.036
28,3,0,0.358,-0.034
28,3,1,0.358,0.058
28,3,2,0.358,-0.036
28,3,3,0.358,0.000
29,0,0,0.366,0.000
29,0,1,0.366,-0.030
29,0,2,0.366,0.068
29,0,3,0.366,-0.036
29,1,0,0.366,-0.030
29,1,1,0.366,0.000
29,1,2,0.366,-0.100
29,1,3,0.366,0.059
29,2,0,0.366,0.068
29,2,1,0.366,-0.100
29,2,2,0.366,0.000
29,2,3,0.366,-0.036
29,3,0,0.366,-0.036
29,3,1,0.366,0.059
29,3,2,0.366,-0.036
29,3,3,0.366,0.000
30,0,0,0.374,0.000
30,0,1,0.374,-0.030
30,0,2,0.374,0.070
30,0,3,0.374,-0.038
30,1,0,0.374,-0.030
30,1,1,0.374,0.000
30,1,2,0.374,-0.102
30,1,3,0.374,0.061
30,2,0,0.374,0.070
30,2,1,0.374,-0.102
30,2,2,0.374,0.000
30,2,3,0.374,-0.036
30,3,0,0.374,-0.038
30,3,1,0.374,0.061
30,3,2,0.374,-0.036
30,3,3,0.374,0.000
31,0,0,0.382,0.000
31,0,1,0.382,-0.029
31,0,2,0.382,0.072
31,0,3,0.382,-0.039
31,1,0,0.382,-0.029
31,1,1,0.382,0.000
31,1,2,0.382,-0.105
31,1,3,0.382,0.062
31,2,0,0.382,0.072
31,2,1,0.382,-0.105
31,2,2,0.382,0.000
31,2,3,0.382,-0.036
31,3,0,0.382,-0.039
31,3,1,0.382,0.062
31,3,2,0.382,-0.036
31,3,3,0.382,0.000
32,0,0,0.390,0.000
32,0,1,0.390,-0.029
32,0,2,0.390,0.075
32,0,3,0.390,-0.041
32,1,0,0.390,-0.029
32,1,1,0.390,0.000
32,1,2,0.390,-0.107
32,1,3,0.390,0.064
32,2,0,0.390,0.075
32,2,1,0.390,-0.107
32,2,2,0.390,0.000
32,2,3,0.390,-0.036
32,3,0,0.390,-0.041
32,3,1,0.390,0.064
32,3,2,0.390,-0.036
32,3,3,0.390,0.000
33,0,0,0.399,0.000
33,0,1,0.399,-0.029
33,0,2,0.399,0.077
33,0,3,0.399,-0.043
33,1,0,0.399,-0.029
33,1,1,0.399,0.000
33,1,2,0.399,-0.109
33,1,3,0.399,0.066
33,2,0,0.399,0.077
33,2,1,0.399,-0.109
33,2,2,0.399,0.000
33,2,3,0.399,-0.036
33,3,0,0.399,-0.043
33,3,1,0.399,0.066
33,3,2,0.399,-0.036
33,3,3,0.399,0.000
34,0,0,0.407,0.000
34,0,1,0.407,-0.029
34,0,2,0.407,0.080
34,0,3,0.407,-0.045
34,1,0,0.407,-0.029
34,1,1,0.407,0.000
34,1,2,0.407,-0.112
34,1,3,0.407,0.067
34,2,0,0.407,0.080
34,2,1,0.407,-0.112
34,2,2,0.407,0.000
34,2,3,0.407,-0.036
34,3,0,0.407,-0.045
34,3,1,0.407,0.067
34,3,2,0.407,-0.036
34,3,3,0.407,0.000
35,0,0,0.415,0.000
35,0,1,0.415,-0.028
35,0,2,0.415,0.082
35,0,3,0.415,-0.047
35,1,0,0.415,-0.028
35,1,1,0.415,0.000
35,1,2,0.415,-0.114
35,1,3,0.415,0.069
35,2,0,0.415,0.082
35,2,1,0.415,-0.114
35,2,2,0.415,0.000
35,2,3,0.415,-0.037
35,3,0,0.415,-0.047
35,3,1,0.415,0.069
35,3,2,0.415,-0.037
35,3,3,0.415,0.000
36,0,0,0.423,0.000
36,0,1,0.423,-0.028
36,0,2,0.423,0.085
36,0,3,0.423,-0.048
36,1,0,0.423,-0.028
36,1,1,0.423,0.000
36,1,2,0.423,-0.117
36,1,3,0.423,0.070
36,2,0,0.423,0.085
36,2,1,0.423,-0.117
36,2,2,0.423,0.000
36,2,3,0.423,-0.037
36,3,0,0.423,-0.048
36,3,1,0.423,0.070
36,3,2,0.423,-0.037
36,3,3,0.423,0.000
37,0,0,0.432,0.000
37,0,1,0.432,-0.028
37,0,2,0.432,0.087
37,0,3,0.432,-0.050
37,1,0,0.432,-0.028
37,1,1,0.432,0.000
37,1,2,0.432,-0.119
37,1,3,0.432,0.072
37,2,0,0.432,0.087
37,2,1,0.432,-0.119
37,2,2,0.432,0.000
37,2,3,0.432,-0.037
37,3,0,0.432,-0.050
37,3,1,0.432,0.072
37,3,2,0.432,-0.037
37,3,3,0.432,0.000
38,0,0,0.440,0.000
38,0,1,0.440,-0.028
38,0,2,0.440,0.090
38,0,3,0.440,-0.052
38,1,0,0.440,-0.028
38,1,1,0.440,0.000
38,1,2,0.440,-0.122
38,1,3,0.440,0.073
38,2,0,0.440,0.090
38,2,1,0.440,-0.122
38,2,2,0.440,0.000
38,2,3,0.440,-0.037
38,3,0,0.440,-0.052
38,3,1,0.440,0.073
38,3,2,0.440,-0.037
38,3,3,0.440,0.000
39,0,0,0.448,0.000
39,0,1,0.448,-0.027
39,0,2,0.448,0.092
39,0,3,0.448,-0.054
39,1,0,0.448,-0.027
39,1,1,0.448,0.000
39,1,2,0.448,-0.124
39,1,3,0.448,0.075
39,2,0,0.448,0.092
39,2,1,0.448,-0.124
39,2,2,0.448,0.000
39,2,3,0.448,-0.037
39,3,0,0.448,-0.054
39,3,1,0.448,0.075
39,3,2,0.448,-0.037
39,3,3,0.448,0.000
40,0,0,0.457,0.000
40,0,1,0.457,-0.027
40,0,2,0.457,0.095
40,0,3,0.457,-0.056
40,1,0,0.457,-0.027
40,1,1,0.457,0.000
40,1,2,0.457,-0.126
40,1,3,0.457,0.076
40,2,0,0.457,0.095
40,2,1,0.457,-0.126
40,2,2,0.457,0.000
40,2,3,0.457,-0.037
40,3,0,0.457,-0.056
40,3,1,0.457,0.076
40,3,2,0.457,-0.037
40,3,3,0.457,0.000
41,0,0,0.466,0.000
41,0,1,0.466,-0.027
41,0,2,0.466,0.097
41,0,3,0.466,-0.058
41,1,0,0.466,-0.027
41,1,1,0.466,0.000
41,1,2,0.466,-0.129
41,1,3,0.466,0.078
41,2,0,0.466,0.097
41,2,1,0.466,-0.129
41,2,2,0.466,0.000
41,2,3,0.466,-0.036
41,3,0,0.466,-0.058
41,3,1,0.466,0.078
41,3,2,0.466,-0.036
41,3,3,0.466,0.000
42,0,0,0.474,0.000
42,0,1,0.474,-0.026
42,0,2,0.474,0.100
42,0,3,0.474,-0.060
42,1,0,0.474,-0.026
42,1,1,0.474,0.000
42,1,2,0.474,-0.131
42,1,3,0.474,0.079
42,2,0,0.474,0.100
42,2,1,0.474,-0.131
42,2,2,0.474,0.000
42,2,3,0.474,-0.036
42,3,0,0.474,-0.060
42,3,1,0.474,0.079
42,3,2,0.474,-0.036
42,3,3,0.474,0.000
43,0,0,0.483,0.000
43,0,1,0.483,-0.026
43,0,2,0.483,0.103
43,0,3,0.483,-0.061
43,1,0,0.483,-0.026
43,1,1,0.483,0.000
43,1,2,0.483,-0.134
43,1,3,0.483,0.080
43,2,0,0.483,0.103
43,2,1,0.483,-0.134
43,2,2,0.483,0.000
43,2,3,0.483,-0.036
43,3,0,0.483,-0.061
43,3,1,0.483,0.080
43,3,2,0.483,-0.036
43,3,3,0.483,0.000
44,0,0,0.492,0.000
44,0,1,0.492,-0.026
44,0,2,0.492,0.106
44,0,3,0.492,-0.063
44,1,0,0.492,-0.026
44,1,1,0.492,0.000
44,1,2,0.492,-0.136
44,1,3,0.492,0.081
44,2,0,0.492,0.106
44,2,1,0.492,-0.136
44,2,2,0.492,0.000
44,2,3,0.492,-0.036
44,3,0,0.492,-0.063
44,3,1,0.492,0.081
44,3,2,0.492,-0.036
44,3,3,0.492,0.000
45,0,0,0.501,0.000
45,0,1,0.501,-0.025
45,0,2,0.501,0.108
45,0,3,0.501,-0.065
45,1,0,0.501,-0.025
45,1,1,0.501,0.000
45,1,2,0.501,-0.139
45,1,3,0.501,0.083
45,2,0,0.501,0.108
45,2,1,0.501,-0.139
45,2,2,0.501,0.000
45,2,3,0.501,-0.036
45,3,0,0.501,-0.065
45,3,1,0.501,0.083
45,3,2,0.501,-0.036
45,3,3,0.501,0.000
46,0,0,0.510,0.000
46,0,1,0.510,-0.025
46,0,2,0.510,0.111
46,0,3,0.510,-0.067
46,1,0,0.510,-0.025
46,1,1,0.510,0.000
46,1,2,0.510,-0.142
46,1,3,0.510,0.084
46,2,0,0.510,0.111
46,2,1,0.510,-0.142
46,2,2,0.510,0.000
46,2,3,0.510,-0.036
46,3,0,0.510,-0.067
46,3,1,0.510,0.084
46,3,2,0.510,-0.036
46,3,3,0.510,0.000
47,0,0,0.519,0.000
47,0,1,0.519,-0.025
47,0,2,0.519,0.114
47,0,3,0.519,-0.069
47,1,0,0.519,-0.025
47,1,1,0.519,0.000
47,1,2,0.519,-0.144
47,1,3,0.519,0.085
47,2,0,0.519,0.114
47,2,1,0.519,-0.144
47,2,2,0.519,0.000
47,2,3,0.519,-0.036
47,3,0,0.519,-0.069
47,3,1,0.519,0.085
47,3,2,0.519,-0.036
47,3,3,0.519,0.000
48,0,0,0.528,0.000
48,0,1,0.528,-0.024
48,0,2,0.528,0.117
48,0,3,0.528,-0.071
48,1,0,0.528,-0.024
48,1,1,0.528,0.000
48,1,2,0.528,-0.147
48,1,3,0.528,0.086
48,2,0,0.528,0.117
48,2,1,0.528,-0.147
48,2,2,0.528,0.000
48,2,3,0.528,-0.036
48,3,0,0.528,-0.071
48,3,1,0.528,0.086
48,3,2,0.528,-0.036
48,3,3,0.528,0.000
49,0,0,0.537,0.000
49,0,1,0.537,-0.024
49,0,2,0.537,0.120
49,0,3,0.537,-0.073
49,1,0,0.537,-0.024
49,1,1,0.537,0.000
49,1,2,0.537,-0.149
49,1,3,0.537,0.087
49,2,0,0.537,0.120
49,2,1,0.537,-0.149
49,2,2,0.537,0.000
49,2,3,0.537,-0.036
49,3,0,0.537,-0.073
49,3,1,0.537,0.087
49,3,2,0.537,-0.036
49,3,3,0.537,0.000
50,0,0,0.547,0.000
50,0,1,0.547,-0.024
50,0,2,0.547,0.123
50,0,3,0.547,-0.074
50,1,0,0.547,-0.024
50,1,1,0.547,0.000
50,1,2,0.547,-0.152
50,1,3,0.547,0.088
50,2,0,0.547,0.123
50,2,1,0.547,-0.152
50,2,2,0.547,0.000
50,2,3,0.547,-0.036
50,3,0,0.547,-0.074
50,3,1,0.547,0.088
50,3,2,0.547,-0.036
50,3,3,0.547,0.000
51,0,0,0.556,0.000
51,0,1,0.556,-0.023
51,0,2,0.556,0.126
51,0,3,0.556,-0.076
51,1,0,0.556,-0.023
51,1,1,0.556,0.000
51,1,2,0.556,-0.154
51,1,3,0.556,0.089
51,2,0,0.556,0.126
51,2,1,0.556,-0.154
51,2,2,0.556,0.000
51,2,3,0.556,-0.036
51,3,0,0.556,-0.076
51,3,1,0.556,0.089
51,3,2,0.556,-0.036
51,3,3,0.556,0.000
52,0,0,0.566,0.000
52,0,1,0.566,-0.023
52,0,2,0.566,0.129
52,0,3,0.566,-0.078
52,1,0,0.566,-0.023
52,1,1,0.566,0.000
52,1,2,0.566,-0.157
52,1,3,0.566,0.090
52,2,0,0.566,0.129
52,2,1,0.566,-0.157
52,2,2,0.566,0.000
52,2,3,0.566,-0.036
52,3,0,0.566,-0.078
52,3,1,0.566,0.090
52,3,2,0.566,-0.036
52,3,3,0.566,0.000
53,0,0,0.576,0.000
53,0,1,0.576,-0.023
53,0,2,0.576,0.132
53,0,3,0.576,-0.080
53,1,0,0.576,-0.023
53,1,1,0.576,0.000
53,1,2,0.576,-0.160
53,1,3,0.576,0.091
53,2,0,0.576,0.132
53,2,1,0.576,-0.160
53,2,2,0.576,0.000
53,2,3,0.576,-0.035
53,3,0,0.576,-0.080
53,3,1,0.576,0.091
53,3,2,0.576,-0.035
53,3,3,0.576,0.000
54,0,0,0.586,0.000
54,0,1,0.586,-0.022
54,0,2,0.586,0.135
54,0,3,0.586,-0.081
54,1,0,0.586,-0.022
54,1,1,0.586,0.000
54,1,2,0.586,-0.162
54,1,3,0.586,0.091
54,2,0,0.586,0.135
54,2,1,0.586,-0.162
54,2,2,0.586,0.000
54,2,3,0.586,-0.035
54,3,0,0.586,-0.081
54,3,1,0.586,0.091
54,3,2,0.586,-0.035
54,3,3,0.586,0.000
55,0,0,0.596,0.000
55,0,1,0.596,-0.022
55,0,2,0.596,0.138
55,0,3,0.596,-0.083
55,1,0,0.596,-0.022
55,1,1,0.596,0.000
55,1,2,0.596,-0.165
55,1,3,0.596,0.092
55,2,0,0.596,0.138
55,2,1,0.596,-0.165
55,2,2,0.596,0.000
55,2,3,0.596,-0.035
55,3,0,0.596,-0.083
55,3,1,0.596,0.092
55,3,2,0.596,-0.035
55,3,3,0.596,0.000
56,0,0,0.606,0.000
56,0,1,0.606,-0.022
56,0,2,0.606,0.141
56,0,3,0.606,-0.084
56,1,0,0.606,-0.022
56,1,1,0.606,0.000
56,1,2,0.606,-0.168
56,1,3,0.606,0.093
56,2,0,0.606,0.141
56,2,1,0.606,-0.168
56,2,2,0.606,0.000
56,2,3,0.606,-0.035
56,3,0,0.606,-0.084
56,3,1,0.606,0.093
56,3,2,0.606,-0.035
56,3,3,0.606,0.000
57,0,0,0.617,0.000
57,0,1,0.617,-0.021
57,0,2,0.617,0.145
57,0,3,0.617,-0.086
57,1,0,0.617,-0.021
57,1,1,0.617,0.000
57,1,2,0.617,-0.171
57,1,3,0.617,0.093
57,2,0,0.617,0.145
57,2,1,0.617,-0.171
57,2,2,0.617,0.000
57,2,3,0.617,-0.035
57,3,0,0.617,-0.086
57,3,1,0.617,0.093
57,3,2,0.617,-0.035
57,3,3,0.617,0.000
58,0,0,0.628,0.000
58,0,1,0.628,-0.021
58,0,2,0.628,0.148
58,0,3,0.628,-0.087
58,1,0,0.628,-0.021
58,1,1,0.628,0.000
58,1,2,0.628,-0.174
58,1,3,0.628,0.094
58,2,0,0.628,0.148
58,2,1,0.628,-0.174
58,2,2,0.628,0.000
58,2,3,0.628,-0.035
58,3,0,0.628,-0.087
58,3,1,0.628,0.094
58,3,2,0.628,-0.035
58,3,3,0.628,0.000
59,0,0,0.639,0.000
59,0,1,0.639,-0.021
59,0,2,0.639,0.151
59,0,3,0.639,-0.089
59,1,0,0.639,-0.021
59,1,1,0.639,0.000
59,1,2,0.639,-0.177
59,1,3,0.639,0.094
59,2,0,0.639,0.151
59,2,1,0.639,-0.177
59,2,2,0.639,0.000
59,2,3,0.639,-0.034
59,3,0,0.639,-0.089
59,3,1,0.639,0.094
59,3,2,0.639,-0.034
59,3,3,0.639,0.000
60,0,0,0.650,0.000
60,0,1,0.650,-0.020
60,0,2,0.650,0.155
60,0,3,0.650,-0.090
60,1,0,0.650,-0.020
60,1,1,0.650,0.000
60,1,2,0.650,-0.180
60,1,3,0.650,0.094
60,2,0,0.650,0.155
60,2,1,0.650,-0.180
60,2,2,0.650,0.000
60,2,3,0.650,-0.034
60,3,0,0.650,-0.090
60,3,1,0.650,0.094
60,3,2,0.650,-0.034
60,3,3,0.650,0.000
61,0,0,0.662,0.000
61,0,1,0.662,-0.020
61,0,2,0.662,0.158
61,0,3,0.662,-0.091
61,1,0,0.662,-0.020
61,1,1,0.662,0.000
61,1,2,0.662,-0.183
61,1,3,0.662,0.094
61,2,0,0.662,0.158
61,2,1,0.662,-0.183
61,2,2,0.662,0.000
61,2,3,0.662,-0.034
61,3,0,0.662,-0.091
61,3,1,0.662,0.094
61,3,2,0.662,-0.034
61,3,3,0.662,0.000
62,0,0,0.674,0.000
62,0,1,0.674,-0.020
62,0,2,0.674,0.162
62,0,3,0.674,-0.092
62,1,0,0.674,-0.020
62,1,1,0.674,0.000
62,1,2,0.674,-0.186
62,1,3,0.674,0.094
62,2,0,0.674,0.162
62,2,1,0.674,-0.186
62,2,2,0.674,0.000
62,2,3,0.674,-0.034
62,3,0,0.674,-0.092
62,3,1,0.674,0.094
62,3,2,0.674,-0.034
62,3,3,0.674,0.000
63,0,0,0.686,0.000
63,0,1,0.686,-0.019
63,0,2,0.686,0.166
63,0,3,0.686,-0.093
63,1,0,0.686,-0.019
63,1,1,0.686,0.000
63,1,2,0.686,-0.189
63,1,3,0.686,0.094
63,2,0,0.686,0.166
63,2,1,0.686,-0.189
63,2,2,0.686,0.000
63,2,3,0.686,-0.033
63,3,0,0.686,-0.093
63,3,1,0.686,0.094
63,3,2,0.686,-0.033
63,3,3,0.686,0.000
64,0,0,0.698,0.000
64,0,1,0.698,-0.019
64,0,2,0.698,0.169
64,0,3,0.698,-0.094
64,1,0,0.698,-0.019
64,1,1,0.698,0.000
64,1,2,0.698,-0.192
64,1,3,0.698,0.094
64,2,0,0.698,0.169
64,2,1,0.698,-0.192
64,2,2,0.698,0.000
64,2,3,0.698,-0.033
64,3,0,0.698,-0.094
64,3,1,0.698,0.094
64,3,2,0.698,-0.033
64,3,3,0.698,0.000
65,0,0,0.711,0.000
65,0,1,0.711,-0.019
65,0,2,0.711,0.173
65,0,3,0.711,-0.095
65,1,0,0.711,-0.019
65,1,1,0.711,0.000
65,1,2,0.711,-0.196
65,1,3,0.711,0.094
65,2,0,0.711,0.173
65,2,1,0.711,-0.196
65,2,2,0.711,0.000
65,2,3,0.711,-0.033
65,3,0,0.711,-0.095
65,3,1,0.711,0.094
65,3,2,0.711,-0.033
65,3,3,0.711,0.000
66,0,0,0.724,0.000
66,0,1,0.724,-0.018
66,0,2,0.724,0.177
66,0,3,0.724,-0.095
66,1,0,0.724,-0.018
66,1,1,0.724,0.000
66,1,2,0.724,-0.199
66,1,3,0.724,0.093
66,2,0,0.724,0.177
66,2,1,0.724,-0.199
66,2,2,0.724,0.000
66,2,3,0.724,-0.033
66,3,0,0.724,-0.095
66,3,1,0.724,0.093
66,3,2,0.724,-0.033
66,3,3,0.724,0.000
67,0,0,0.738,0.000
67,0,1,0.738,-0.018
67,0,2,0.738,0.181
67,0,3,0.738,-0.096
67,1,0,0.738,-0.018
67,1,1,0.738,0.000
67,1,2,0.738,-0.203
67,1,3,0.738,0.092
67,2,0,0.738,0.181
67,2,1,0.738,-0.203
67,2,2,0.738,0.000
67,2,3,0.738,-0.032
67,3,0,0.738,-0.096
67,3,1,0.738,0.092
67,3,2,0.738,-0.032
67,3,3,0.738,0.000
68,0,0,0.752,0.000
68,0,1,0.752,-0.018
68,0,2,0.752,0.186
68,0,3,0.752,-0.096
68,1,0,0.752,-0.018
68,1,1,0.752,0.000
68,1,2,0.752,-0.207
68,1,3,0.752,0.092
68,2,0,0.752,0.186
68,2,1,0.752,-0.207
68,2,2,0.752,0.000
68,2,3,0.752,-0.032
68,3,0,0.752,-0.096
68,3,1,0.752,0.092
68,3,2,0.752,-0.032
68,3,3,0.752,0.000
69,0,0,0.767,0.000
69,0,1,0.767,-0.017
69,0,2,0.767,0.190
69,0,3,0.767,-0.096
69,1,0,0.767,-0.017
69,1,1,0.767,0.000
69,1,2,0.767,-0.211
69,1,3,0.767,0.091
69,2,0,0.767,0.190
69,2,1,0.767,-0.211
69,2,2,0.767,0.000
69,2,3,0.767,-0.031
69,3,0,0.767,-0.096
69,3,1,0.767,0.091
69,3,2,0.767,-0.031
69,3,3,0.767,0.000
70,0,0,0.780,0.000
70,0,1,0.780,-0.017
70,0,2,0.780,0.194
70,0,3,0.780,-0.096
70,1,0,0.780,-0.017
70,1,1,0.780,0.000
70,1,2,0.780,-0.214
70,1,3,0.780,0.090
70,2,0,0.780,0.194
70,2,1,0.780,-0.214
70,2,2,0.780,0.000
70,2,3,0.780,-0.031
70,3,0,0.780,-0.096
70,3,1,0.780,0.090
70,3,2,0.780,-0.031
70,3,3,0.780,0.000
71,0,0,0.794,0.000
71,0,1,0.794,-0.017
71,0,2,0.794,0.198
71,0,3,0.794,-0.096
71,1,0,0.794,-0.017
71,1,1,0.794,0.000
71,1,2,0.794,-0.218
71,1,3,0.794,0.089
71,2,0,0.794,0.198
71,2,1,0.794,-0.218
71,2,2,0.794,0.000
71,2,3,0.794,-0.031
71,3,0,0.794,-0.096
71,3,1,0.794,0.089
71,3,2,0.794,-0.031
71,3,3,0.794,0.000
72,0,0,0.809,0.000
72,0,1,0.809,-0.016
72,0,2,0.809,0.203
72,0,3,0.809,-0.096
72,1,0,0.809,-0.016
72,1,1,0.809,0.000
72,1,2,0.809,-0.222
72,1,3,0.809,0.087
72,2,0,0.809,0.203
72,2,1,0.809,-0.222
72,2,2,0.809,0.000
72,2,3,0.809,-0.030
72,3,0,0.809,-0.096
72,3,1,0.809,0.087
72,3,2,0.809,-0.030
72,3,3,0.809,0.000
73,0,0,0.824,0.000
73,0,1,0.824,-0.016
73,0,2,0.824,0.207
73,0,3,0.824,-0.095
73,1,0,0.824,-0.016
73,1,1,0.824,0.000
73,1,2,0.824,-0.227
73,1,3,0.824,0.086
73,2,0,0.824,0.207
73,2,1,0.824,-0.227
73,2,2,0.824,0.000
73,2,3,0.824,-0.030
73,3,0,0.824,-0.095
73,3,1,0.824,0.086
73,3,2,0.824,-0.030
73,3,3,0.824,0.000
74,0,0,0.840,0.000
74,0,1,0.840,-0.016
74,0,2,0.840,0.212
74,0,3,0.840,-0.095
74,1,0,0.840,-0.016
74,1,1,0.840,0.000
74,1,2,0.840,-0.231
74,1,3,0.840,0.084
74,2,0,0.840,0.212
74,2,1,0.840,-0.231
74,2,2,0.840,0.000
74,2,3,0.840,-0.029
74,3,0,0.840,-0.095
74,3,1,0.840,0.084
74,3,2,0.840,-0.029
74,3,3,0.840,0.000
75,0,0,0.857,0.000
75,0,1,0.857,-0.016
75,0,2,0.857,0.217
75,0,3,0.857,-0.094
75,1,0,0.857,-0.016
75,1,1,0.857,0.000
75,1,2,0.857,-0.236
75,1,3,0.857,0.083
75,2,0,0.857,0.217
75,2,1,0.857,-0.236
75,2,2,0.857,0.000
75,2,3,0.857,-0.029
75,3,0,0.857,-0.094
75,3,1,0.857,0.083
75,3,2,0.857,-0.029
75,3,3,0.857,0.000
76,0,0,0.875,0.000
76,0,1,0.875,-0.015
76,0,2,0.875,0.222
76,0,3,0.875,-0.093
76,1,0,0.875,-0.015
76,1,1,0.875,0.000
76,1,2,0.875,-0.241
76,1,3,0.875,0.081
76,2,0,0.875,0.222
76,2,1,0.875,-0.241
76,2,2,0.875,0.000
76,2,3,0.875,-0.029
76,3,0,0.875,-0.093
76,3,1,0.875,0.081
76,3,2,0.875,-0.029
76,3,3,0.875,0.000
77,0,0,0.899,0.000
77,0,1,0.899,-0.015
77,0,2,0.899,0.229
77,0,3,0.899,-0.091
77,1,0,0.899,-0.015
77,1,1,0.899,0.000
77,1,2,0.899,-0.247
77,1,3,0.899,0.078
77,2,0,0.899,0.229
77,2,1,0.899,-0.247
77,2,2,0.899,0.000
77,2,3,0.899,-0.028
77,3,0,0.899,-0.091
77,3,1,0.899,0.078
77,3,2,0.899,-0.028
77,3,3,0.899,0.000
78,0,0,0.924,0.000
78,0,1,0.924,-0.015
78,0,2,0.924,0.236
78,0,3,0.924,-0.089
78,1,0,0.924,-0.015
78,1,1,0.924,0.000
78,1,2,0.924,-0.254
78,1,3,0.924,0.075
78,2,0,0.924,0.236
78,2,1,0.924,-0.254
78,2,2,0.924,0.000
78,2,3,0.924,-0.027
78,3,0,0.924,-0.089
78,3,1,0.924,0.075
78,3,2,0.924,-0.027
78,3,3,0.924,0.000
79,0,0,0.949,0.000
79,0,1,0.949,-0.015
79,0,2,0.949,0.243
79,0,3,0.949,-0.086
79,1,0,0.949,-0.015
79,1,1,0.949,0.000
79,1,2,0.949,-0.261
79,1,3,0.949,0.071
79,2,0,0.949,0.243
79,2,1,0.949,-0.261
79,2,2,0.949,0.000
79,2,3,0.949,-0.027
79,3,0,0.949,-0.086
79,3,1,0.949,0.071
79,3,2,0.949,-0.027
79,3,3,0.949,0.000
80,0,0,0.975,0.000
80,0,1,0.975,-0.014
80,0,2,0.975,0.250
80,0,3,0.975,-0.084
80,1,0,0.975,-0.014
80,1,1,0.975,0.000
80,1,2,0.975,-0.269
80,1,3,0.975,0.067
80,2,0,0.975,0.250
80,2,1,0.975,-0.269
80,2,2,0.975,0.000
80,2,3,0.975,-0.026
80,3,0,0.975,-0.084
80,3,1,0.975,0.067
80,3,2,0.975,-0.026
80,3,3,0.975,0.000
81,0,0,1.019,0.000
81,0,1,1.019,-0.014
81,0,2,1.019,0.262
81,0,3,1.019,-0.078
81,1,0,1.019,-0.014
81,1,1,1.019,0.000
81,1,2,1.019,-0.281
81,1,3,1.019,0.061
81,2,0,1.019,0.262
81,2,1,1.019,-0.281
81,2,2,1.019,0.000
81,2,3,1.019,-0.025
81,3,0,1.019,-0.078
81,3,1,1.019,0.061
81,3,2,1.019,-0.025
81,3,3,1.019,0.000
82,0,0,1.063,0.000
82,0,1,1.063,-0.014
82,0,2,1.063,0.273
82,0,3,1.063,-0.073
82,1,0,1.063,-0.014
82,1,1,1.063,0.000
82,1,2,1.063,-0.292
82,1,3,1.063,0.055
82,2,0,1.063,0.273
82,2,1,1.063,-0.292
82,2,2,1.063,0.000
82,2,3,1.063,-0.024
82,3,0,1.063,-0.073
82,3,1,1.063,0.055
82,3,2,1.063,-0.024
82,3,3,1.063,0.000
83,0,0,1.106,0.000
83,0,1,1.106,-0.014
83,0,2,1.106,0.283
83,0,3,1.106,-0.067
83,1,0,1.106,-0.014
83,1,1,1.106,0.000
83,1,2,1.106,-0.303
83,1,3,1.106,0.048
83,2,0,1.106,0.283
83,2,1,1.106,-0.303
83,2,2,1.106,0.000
83,2,3,1.106,-0.023
83,3,0,1.106,-0.067
83,3,1,1.106,0.048
83,3,2,1.106,-0.023
83,3,3,1.106,0.000
84,0,0,1.148,0.000
84,0,1,1.148,-0.013
84,0,2,1.148,0.293
84,0,3,1.148,-0.062
84,1,0,1.148,-0.013
84,1,1,1.148,0.000
84,1,2,1.148,-0.313
84,1,3,1.148,0.042
84,2,0,1.148,0.293
84,2,1,1.148,-0.313
84,2,2,1.148,0.000
84,2,3,1.148,-0.022
84,3,0,1.148,-0.062
84,3,1,1.148,0.042
84,3,2,1.148,-0.022
84,3,3,1.148,0.000
85,0,0,1.179,0.000
85,0,1,1.179,-0.013
85,0,2,1.179,0.299
85,0,3,1.179,-0.058
85,1,0,1.179,-0.013
85,1,1,1.179,0.000
85,1,2,1.179,-0.320
85,1,3,1.179,0.038
85,2,0,1.179,0.299
85,2,1,1.179,-0.320
85,2,2,1.179,0.000
85,2,3,1.179,-0.021
85,3,0,1.179,-0.058
85,3,1,1.179,0.038
85,3,2,1.179,-0.021
85,3,3,1.179,0.000
86,0,0,1.210,0.000
86,0,1,1.210,-0.013
86,0,2,1.210,0.305
86,0,3,1.210,-0.054
86,1,0,1.210,-0.013
86,1,1,1.210,0.000
86,1,2,1.210,-0.326
86,1,3,1.210,0.033
86,2,0,1.210,0.305
86,2,1,1.210,-0.326
86,2,2,1.210,0.000
86,2,3,1.210,-0.020
86,3,0,1.210,-0.054
86,3,1,1.210,0.033
86,3,2,1.210,-0.020
86,3,3,1.210,0.000
87,0,0,1.241,0.000
87,0,1,1.241,-0.013
87,0,2,1.241,0.311
87,0,3,1.241,-0.050
87,1,0,1.241,-0.013
87,1,1,1.241,0.000
87,1,2,1.241,-0.332
87,1,3,1.241,0.029
87,2,0,1.241,0.311
87,2,1,1.241,-0.332
87,2,2,1.241,0.000
87,2,3,1.241,-0.020
87,3,0,1.241,-0.050
87,3,1,1.241,0.029
87,3,2,1.241,-0.020
87,3,3,1.241,0.000
88,0,0,1.272,0.000
88,0,1,1.272,-0.013
88,0,2,1.272,0.316
88,0,3,1.272,-0.047
88,1,0,1.272,-0.013
88,1,1,1.272,0.000
88,1,2,1.272,-0.338
88,1,3,1.272,0.025
88,2,0,1.272,0.316
88,2,1,1.272,-0.338
88,2,2,1.272,0.000
88,2,3,1.272,-0.019
88,3,0,1.272,-0.047
88,3,1,1.272,0.025
88,3,2,1.272,-0.019
88,3,3,1.272,0.000
89,0,0,1.303,0.000
89,0,1,1.303,-0.013
89,0,2,1.303,0.321
89,0,3,1.303,-0.043
89,1,0,1.303,-0.013
89,1,1,1.303,0.000
89,1,2,1.303,-0.343
89,1,3,1.303,0.022
89,2,0,1.303,0.321
89,2,1,1.303,-0.343
89,2,2,1.303,0.000
89,2,3,1.303,-0.019
89,3,0,1.303,-0.043
89,3,1,1.303,0.022
89,3,2,1.303,-0.019
89,3,3,1.303,0.000
90,0,0,1.334,0.000
90,0,1,1.334,-0.013
90,0,2,1.334,0.326
90,0,3,1.334,-0.040
90,1,0,1.334,-0.013
90,1,1,1.334,0.000
90,1,2,1.334,-0.348
90,1,3,1.334,0.018
90,2,0,1.334,0.326
90,2,1,1.334,-0.348
90,2,2,1.334,0.000
90,2,3,1.334,-0.018
90,3,0,1.334,-0.040
90,3,1,1.334,0.018
90,3,2,1.334,-0.018
90,3,3,1.334,0.000
91,0,0,1.366,0.000
91,0,1,1.366,-0.013
91,0,2,1.366,0.330
91,0,3,1.366,-0.037
91,1,0,1.366,-0.013
91,1,1,1.366,0.000
91,1,2,1.366,-0.352
91,1,3,1.366,0.015
91,2,0,1.366,0.330
91,2,1,1.366,-0.352
91,2,2,1.366,0.000
91,2,3,1.366,-0.018
91,3,0,1.366,-0.037
91,3,1,1.366,0.015
91,3,2,1.366,-0.018
91,3,3,1.366,0.000
92,0,0,1.398,0.000
92,0,1,1.398,-0.013
92,0,2,1.398,0.334
92,0,3,1.398,-0.034
92,1,0,1.398,-0.013
92,1,1,1.398,0.000
92,1,2,1.398,-0.356
92,1,3,1.398,0.012
92,2,0,1.398,0.334
92,2,1,1.398,-0.356
92,2,2,1.398,0.000
92,2,3,1.398,-0.017
92,3,0,1.398,-0.034
92,3,1,1.398,0.012
92,3,2,1.398,-0.017
92,3,3,1.398,0.000
93,0,0,1.431,0.000
93,0,1,1.431,-0.013
93,0,2,1.431,0.337
93,0,3,1.431,-0.032
93,1,0,1.431,-0.013
93,1,1,1.431,0.000
93,1,2,1.431,-0.360
93,1,3,1.431,0.009
93,2,0,1.431,0.337
93,2,1,1.431,-0.360
93,2,2,1.431,0.000
93,2,3,1.431,-0.017
93,3,0,1.431,-0.032
93,3,1,1.431,0.009
93,3,2,1.431,-0.017
93,3,3,1.431,0.000
94,0,0,1.465,0.000
94,0,1,1.465,-0.013
94,0,2,1.465,0.341
94,0,3,1.465,-0.029
94,1,0,1.465,-0.013
94,1,1,1.465,0.000
94,1,2,1.465,-0.363
94,1,3,1.465,0.006
94,2,0,1.465,0.341
94,2,1,1.465,-0.363
94,2,2,1.465,0.000
94,2,3,1.465,-0.016
94,3,0,1.465,-0.029
94,3,1,1.465,0.006
94,3,2,1.465,-0.016
94,3,3,1.465,0.000
95,0,0,1.501,0.000
95,0,1,1.501,-0.013
95,0,2,1.501,0.344
95,0,3,1.501,-0.027
95,1,0,1.501,-0.013
95,1,1,1.501,0.000
95,1,2,1.501,-0.366
95,1,3,1.501,0.004
95,2,0,1.501,0.344
95,2,1,1.501,-0.366
95,2,2,1.501,0.000
95,2,3,1.501,-0.016
95,3,0,1.501,-0.027
95,3,1,1.501,0.004
95,3,2,1.501,-0.016
95,3,3,1.501,0.000
96,0,0,1.538,0.000
96,0,1,1.538,-0.013
96,0,2,1.538,0.346
96,0,3,1.538,-0.025
96,1,0,1.538,-0.013
96,1,1,1.538,0.000
96,1,2,1.538,-0.369
96,1,3,1.538,0.001
96,2,0,1.538,0.346
96,2,1,1.538,-0.369
96,2,2,1.538,0.000
96,2,3,1.538,-0.016
96,3,0,1.538,-0.025
96,3,1,1.538,0.001
96,3,2,1.538,-0.016
96,3,3,1.538,0.000
97,0,0,1.576,0.000
97,0,1,1.576,-0.013
97,0,2,1.576,0.349
97,0,3,1.576,-0.023
97,1,0,1.576,-0.013
97,1,1,1.576,0.000
97,1,2,1.576,-0.372
97,1,3,1.576,-0.001
97,2,0,1.576,0.349
97,2,1,1.576,-0.372
97,2,2,1.576,0.000
97,2,3,1.576,-0.015
97,3,0,1.576,-0.023
97,3,1,1.576,-0.001
97,3,2,1.576,-0.015
97,3,3,1.576,0.000
98,0,0,1.617,0.000
98,0,1,1.617,-0.013
98,0,2,1.617,0.351
98,0,3,1.617,-0.021
98,1,0,1.617,-0.013
98,1,1,1.617,0.000
98,1,2,1.617,-0.374
98,1,3,1.617,-0.003
98,2,0,1.617,0.351
98,2,1,1.617,-0.374
98,2,2,1.617,0.000
98,2,3,1.617,-0.015
98,3,0,1.617,-0.021
98,3,1,1.617,-0.003
98,3,2,1.617,-0.015
98,3,3,1.617,0.000
99,0,0,1.660,0.000
99,0,1,1.660,-0.013
99,0,2,1.660,0.353
99,0,3,1.660,-0.020
99,1,0,1.660,-0.013
99,1,1,1.660,0.000
99,1,2,1.660,-0.376
99,1,3,1.660,-0.005
99,2,0,1.660,0.353
99,2,1,1.660,-0.376
99,2,2,1.660,0.000
99,2,3,1.660,-0.015
99,3,0,1.660,-0.020
99,3,1,1.660,-0.005
99,3,2,1.660,-0.015
99,3,3,1.660,0.000
100,0,0,1.706,0.000
100,0,1,1.706,-0.013
100,0,2,1.706,0.355
100,0,3,1.706,-0.018
100,1,0,1.706,-0.013
100,1,1,1.706,0.000
100,1,2,1.706,-0.378
100,1,3,1.706,-0.007
100,2,0,1.706,0.355
100,2,1,1.706,-0.378
100,2,2,1.706,0.000
100,2,3,1.706,-0.014
100,3,0,1.706,-0.018
100,3,1,1.706,-0.007
100,3,2,1.706,-0.014
100,3,3,1.706,0.000
101,0,0,1.756,0.000
101,0,1,1.756,-0.013
101,0,2,1.756,0.357
101,0,3,1.756,-0.017
101,1,0,1.756,-0.013
101,1,1,1.756,0.000
101,1,2,1.756,-0.380
101,1,3,1.756,-0.008
101,2,0,1.756,0.357
101,2,1,1.756,-0.380
101,2,2,1.756,0.000
101,2,3,1.756,-0.014
101,3,0,1.756,-0.017
101,3,1,1.756,-0.008
101,3,2,1.756,-0.014
101,3,3,1.756,0.000
102,0,0,1.811,0.000
102,0,1,1.811,-0.013
102,0,2,1.811,0.358
102,0,3,1.811,-0.016
102,1,0,1.811,-0.013
102,1,1,1.811,0.000
102,1,2,1.811,-0.381
102,1,3,1.811,-0.009
102,2,0,1.811,0.358
102,2,1,1.811,-0.381
102,2,2,1.811,0.000
102,2,3,1.811,-0.014
102,3,0,1.811,-0.016
102,3,1,1.811,-0.009
102,3,2,1.811,-0.014
102,3,3,1.811,0.000
103,0,0,1.871,0.000
103,0,1,1.871,-0.013
103,0,2,1.871,0.359
103,0,3,1.871,-0.015
103,1,0,1.871,-0.013
103,1,1,1.871,0.000
103,1,2,1.871,-0.383
103,1,3,1.871,-0.011
103,2,0,1.871,0.359
103,2,1,1.871,-0.383
103,2,2,1.871,0.000
103,2,3,1.871,-0.013
103,3,0,1.871,-0.015
103,3,1,1.871,-0.011
103,3,2,1.871,-0.013
103,3,3,1.871,0.000
104,0,0,1.938,0.000
104,0,1,1.938,-0.013
104,0,2,1.938,0.360
104,0,3,1.938,-0.014
104,1,0,1.938,-0.013
104,1,1,1.938,0.000
104,1,2,1.938,-0.384
104,1,3,1.938,-0.012
104,2,0,1.938,0.360
104,2,1,1.938,-0.384
104,2,2,1.938,0.000
104,2,3,1.938,-0.013
104,3,0,1.938,-0.014
104,3,1,1.938,-0.012
104,3,2,1.938,-0.013
104,3,3,1.938,0.000
105,0,0,2.014,0.000
105,0,1,2.014,-0.013
105,0,2,2.014,0.361
105,0,3,2.014,-0.013
105,1,0,2.014,-0.013
105,1,1,2.014,0.000
105,1,2,2.014,-0.384
105,1,3,2.014,-0.013
105,2,0,2.014,0.361
105,2,1,2.014,-0.384
105,2,2,2.014,0.000
105,2,3,2.014,-0.013
105,3,0,2.014,-0.013
105,3,1,2.014,-0.013
105,3,2,2.014,-0.013
105,3,3,2.014,0.000
106,0,0,2.103,0.000
106,0,1,2.103,-0.013
106,0,2,2.103,0.362
106,0,3,2.103,-0.013
106,1,0,2.103,-0.013
106,1,1,2.103,0.000
106,1,2,2.103,-0.385
106,1,3,2.103,-0.013
106,2,0,2.103,0.362
106,2,1,2.103,-0.385
106,2,2,2.103,0.000
106,2,3,2.103,-0.013
106,3,0,2.103,-0.013
106,3,1,2.103,-0.013
106,3,2,2.103,-0.013
106,3,3,2.103,0.000
107,0,0,2.208,0.000
107,0,1,2.208,-0.013
107,0,2,2.208,0.362
107,0,3,2.208,-0.012
107,1,0,2.208,-0.013
107,1,1,2.208,0.000
107,1,2,2.208,-0.386
107,1,3,2.208,-0.014
107,2,0,2.208,0.362
107,2,1,2.208,-0.386
107,2,2,2.208,0.000
107,2,3,2.208,-0.012
107,3,0,2.208,-0.012
107,3,1,2.208,-0.014
107,3,2,2.208,-0.012
107,3,3,2.208,0.000
108,0,0,2.337,0.000
108,0,1,2.337,-0.013
108,0,2,2.337,0.362
108,0,3,2.337,-0.012
108,1,0,2.337,-0.013
108,1,1,2.337,0.000
108,1,2,2.337,-0.386
108,1,3,2.337,-0.014
108,2,0,2.337,0.362
108,2,1,2.337,-0.386
108,2,2,2.337,0.000
108,2,3,2.337,-0.012
108,3,0,2.337,-0.012
108,3,1,2.337,-0.014
108,3,2,2.337,-0.012
108,3,3,2.337,0.000
109,0,0,2.503,0.000
109,0,1,2.503,-0.013
109,0,2,2.503,0.363
109,0,3,2.503,-0.012
109,1,0,2.503,-0.013
109,1,1,2.503,0.000
109,1,2,2.503,-0.386
109,1,3,2.503,-0.015
109,2,0,2.503,0.363
109,2,1,2.503,-0.386
109,2,2,2.503,0.000
109,2,3,2.503,-0.012
109,3,0,2.503,-0.012
109,3,1,2.503,-0.015
109,3,2,2.503,-0.012
109,3,3,2.503,0.000
110,0,0,2.734,0.000
110,0,1,2.734,-0.013
110,0,2,2.734,0.363
110,0,3,2.734,-0.012
110,1,0,2.734,-0.013
110,1,1,2.734,0.000
110,1,2,2.734,-0.386
110,1,3,2.734,-0.015
110,2,0,2.734,0.363
110,2,1,2.734,-0.386
110,2,2,2.734,0.000
110,2,3,2.734,-0.012
110,3,0,2.734,-0.012
110,3,1,2.734,-0.015
110,3,2,2.734,-0.012
110,3,3,2.734,0.000
111,0,0,3.095,0.000
111,0,1,3.095,-0.013
111,0,2,3.095,0.363
111,0,3,3.095,-0.012
111,1,0,3.095,-0.013
111,1,1,3.095,0.000
111,1,2,3.095,-0.386
111,1,3,3.095,-0.015
111,2,0,3.095,0.363
111,2,1,3.095,-0.386
111,2,2,3.095,0.000
111,2,3,3.095,-0.012
111,3,0,3.095,-0.012
111,3,1,3.095,-0.015
111,3,2,3.095,-0.012
111,3,3,3.095,0.000
112,0,0,3.538,0.000
112,0,1,3.538,-0.013
112,0,2,3.538,0.363
112,0,3,3.538,-0.012
112,1,0,3.538,-0.013
112,1,1,3.538,0.000
112,1,2,3.538,-0.386
112,1,3,3.538,-0.015
112,2,0,3.538,0.363
112,2,1,3.538,-0.386
112,2,2,3.538,0.000
112,2,3,3.538,-0.012
112,3,0,3.538,-0.012
112,3,1,3.538,-0.015
112,3,2,3.538,-0.012
112,3,3,3.538,0.000
113,0,0,4.409,0.000
113,0,1,4.409,-0.013
113,0,2,4.409,0.363
113,0,3,4.409,-0.012
113,1,0,4.409,-0.013
113,1,1,4.409,0.000
113,1,2,4.409,-0.386
113,1,3,4.409,-0.015
113,2,0,4.409,0.363
113,2,1,4.409,-0.386
113,2,2,4.409,0.000
113,2,3,4.409,-0.012
113,3,0,4.409,-0.012
113,3,1,4.409,-0.015
113,3,2,4.409,-0.012
113,3,3,4.409,0.000
114,0,0,6.532,0.000
114,0,1,6.532,-0.013
114,0,2,6.532,0.363
114,0,3,6.532,-0.012
114,1,0,6.532,-0.013
114,1,1,6.532,0.000
114,1,2,6.532,-0.386
114,1,3,6.532,-0.015
114,2,0,6.532,0.363
114,2,1,6.532,-0.386
114,2,2,6.532,0.000
114,2,3,6.532,-0.012
114,3,0,6.532,-0.012
114,3,1,6.532,-0.015
114,3,2,6.532,-0.012
114,3,3,6.532,0.000
115,0,0,15.000,0.000
115,0,1,15.000,-0.013
115,0,2,15.000,0.363
115,0,3,15.000,-0.012
115,1,0,15.000,-0.013
115,1,1,15.000,0.000
115,1,2,15.000,-0.386
115,1,3,15.000,-0.015
115,2,0,15.000,0.363
115,2,1,15.000,-0.386
115,2,2,15.000,0.000
115,2,3,15.000,-0.012
115,3,0,15.000,-0.012
115,3,1,15.000,-0.015
115,3,2,15.000,-0.012
115,3,3,15.000,0.000
