135,4,time,val
0,0,0,0.000,0.000
0,0,1,0.000,-0.025
0,0,2,0.000,0.000
0,0,3,0.000,0.000
0,1,0,0.000,-0.025
0,1,1,0.000,0.000
0,1,2,0.000,-0.025
0,1,3,0.000,0.000
0,2,0,0.000,0.000
0,2,1,0.000,-0.025
0,2,2,0.000,0.000
0,2,3,0.000,-0.025
0,3,0,0.000,0.000
0,3,1,0.000,0.000
0,3,2,0.000,-0.025
0,3,3,0.000,0.000
1,0,0,0.017,0.000
1,0,1,0.017,-0.026
1,0,2,0.017,0.002
1,0,3,0.017,0.000
1,1,0,0.017,-0.026
1,1,1,0.017,0.000
1,1,2,0.017,-0.027
1,1,3,0.017,0.002
1,2,0,0.017,0.002
1,2,1,0.017,-0.027
1,2,2,0.017,0.000
1,2,3,0.017,-0.026
1,3,0,0.017,0.000
1,3,1,0.017,0.002
1,3,2,0.017,-0.026
1,3,3,0.017,0.000
2,0,0,0.033,0.000
2,0,1,0.033,-0.027
2,0,2,0.033,0.003
2,0,3,0.033,0.000
2,1,0,0.033,-0.027
2,1,1,0.033,0.000
2,1,2,0.033,-0.028
2,1,3,0.033,0.003
2,2,0,0.033,0.003
2,2,1,0.033,-0.028
2,2,2,0.033,0.000
2,2,3,0.033,-0.027
2,3,0,0.033,0.000
2,3,1,0.033,0.003
2,3,2,0.033,-0.027
2,3,3,0.033,0.000
3,0,0,0.050,0.000
3,0,1,0.050,-0.027
3,0,2,0.050,0.005
3,0,3,0.050,0.000
3,1,0,0.050,-0.027
3,1,1,0.050,0.000
3,1,2,0.050,-0.031
3,1,3,0.050,0.005
3,2,0,0.050,0.005
3,2,1,0.050,-0.031
3,2,2,0.050,0.000
3,2,3,0.050,-0.028
3,3,0,0.050,0.000
3,3,1,0.050,0.005
3,3,2,0.050,-0.028
3,3,3,0.050,0.000
4,0,0,0.066,0.000
4,0,1,0.066,-0.028
4,0,2,0.066,0.007
4,0,3,0.066,0.000
4,1,0,0.066,-0.028
4,1,1,0.066,0.000
4,1,2,0.066,-0.033
4,1,3,0.066,0.008
4,2,0,0.066,0.007
4,2,1,0.066,-0.033
4,2,2,0.066,0.000
4,2,3,0.066,-0.028
4,3,0,0.066,0.000
4,3,1,0.066,0.008
4,3,2,0.066,-0.028
4,3,3,0.066,0.000
5,0,0,0.082,0.000
5,0,1,0.082,-0.029
5,0,2,0.082,0.010
5,0,3,0.082,0.000
5,1,0,0.082,-0.029
5,1,1,0.082,0.000
5,1,2,0.082,-0.035
5,1,3,0.082,0.010
5,2,0,0.082,0.010
5,2,1,0.082,-0.035
5,2,2,0.082,0.000
5,2,3,0.082,-0.029
5,3,0,0.082,0.000
5,3,1,0.082,0.010
5,3,2,0.082,-0.029
5,3,3,0.082,0.000
6,0,0,0.099,0.000
6,0,1,0.099,-0.029
6,0,2,0.099,0.012
6,0,3,0.099,0.000
6,1,0,0.099,-0.029
6,1,1,0.099,0.000
6,1,2,0.099,-0.038
6,1,3,0.099,0.012
6,2,0,0.099,0.012
6,2,1,0.099,-0.038
6,2,2,0.099,0.000
6,2,3,0.099,-0.030
6,3,0,0.099,0.000
6,3,1,0.099,0.012
6,3,2,0.099,-0.030
6,3,3,0.099,0.000
7,0,0,0.115,0.000
7,0,1,0.115,-0.030
7,0,2,0.115,0.014
7,0,3,0.115,0.000
7,1,0,0.115,-0.030
7,1,1,0.115,0.000
7,1,2,0.115,-0.041
7,1,3,0.115,0.015
7,2,0,0.115,0.014
7,2,1,0.115,-0.041
7,2,2,0.115,0.000
7,2,3,0.115,-0.031
7,3,0,0.115,0.000
7,3,1,0.115,0.015
7,3,2,0.115,-0.031
7,3,3,0.115,0.000
8,0,0,0.131,0.000
8,0,1,0.131,-0.030
8,0,2,0.131,0.017
8,0,3,0.131,0.000
8,1,0,0.131,-0.030
8,1,1,0.131,0.000
8,1,2,0.131,-0.044
8,1,3,0.131,0.017
8,2,0,0.131,0.017
8,2,1,0.131,-0.044
8,2,2,0.131,0.000
8,2,3,0.131,-0.031
8,3,0,0.131,0.000
8,3,1,0.131,0.017
8,3,2,0.131,-0.031
8,3,3,0.131,0.000
9,0,0,0.148,0.000
9,0,1,0.148,-0.031
9,0,2,0.148,0.019
9,0,3,0.148,0.000
9,1,0,0.148,-0.031
9,1,1,0.148,0.000
9,1,2,0.148,-0.047
9,1,3,0.148,0.020
9,2,0,0.148,0.019
9,2,1,0.148,-0.047
9,2,2,0.148,0.000
9,2,3,0.148,-0.032
9,3,0,0.148,0.000
9,3,1,0.148,0.020
9,3,2,0.148,-0.032
9,3,3,0.148,0.000
10,0,0,0.164,0.000
10,0,1,0.164,-0.031
10,0,2,0.164,0.022
10,0,3,0.164,-0.001
10,1,0,0.164,-0.031
10,1,1,0.164,0.000
10,1,2,0.164,-0.051
10,1,3,0.164,0.023
10,2,0,0.164,0.022
10,2,1,0.164,-0.051
10,2,2,0.164,0.000
10,2,3,0.164,-0.033
10,3,0,0.164,-0.001
10,3,1,0.164,0.023
10,3,2,0.164,-0.033
10,3,3,0.164,0.000
11,0,0,0.181,0.000
11,0,1,0.181,-0.031
11,0,2,0.181,0.025
11,0,3,0.181,-0.002
11,1,0,0.181,-0.031
11,1,1,0.181,0.000
11,1,2,0.181,-0.055
11,1,3,0.181,0.026
11,2,0,0.181,0.025
11,2,1,0.181,-0.055
11,2,2,0.181,0.000
11,2,3,0.181,-0.033
11,3,0,0.181,-0.002
11,3,1,0.181,0.026
11,3,2,0.181,-0.033
11,3,3,0.181,0.000
12,0,0,0.198,0.000
12,0,1,0.198,-0.031
12,0,2,0.198,0.028
12,0,3,0.198,-0.004
12,1,0,0.198,-0.031
12,1,1,0.198,0.000
12,1,2,0.198,-0.059
12,1,3,0.198,0.029
12,2,0,0.198,0.028
12,2,1,0.198,-0.059
12,2,2,0.198,0.000
12,2,3,0.198,-0.034
12,3,0,0.198,-0.004
12,3,1,0.198,0.029
12,3,2,0.198,-0.034
12,3,3,0.198,0.000
13,0,0,0.215,0.000
13,0,1,0.215,-0.031
13,0,2,0.215,0.031
13,0,3,0.215,-0.006
13,1,0,0.215,-0.031
13,1,1,0.215,0.000
13,1,2,0.215,-0.063
13,1,3,0.215,0.032
13,2,0,0.215,0.031
13,2,1,0.215,-0.063
13,2,2,0.215,0.000
13,2,3,0.215,-0.034
13,3,0,0.215,-0.006
13,3,1,0.215,0.032
13,3,2,0.215,-0.034
13,3,3,0.215,0.000
14,0,0,0.230,0.000
14,0,1,0.230,-0.031
14,0,2,0.230,0.034
14,0,3,0.230,-0.008
14,1,0,0.230,-0.031
14,1,1,0.230,0.000
14,1,2,0.230,-0.067
14,1,3,0.230,0.035
14,2,0,0.230,0.034
14,2,1,0.230,-0.067
14,2,2,0.230,0.000
14,2,3,0.230,-0.034
14,3,0,0.230,-0.008
14,3,1,0.230,0.035
14,3,2,0.230,-0.034
14,3,3,0.230,0.000
15,0,0,0.246,0.000
15,0,1,0.246,-0.031
15,0,2,0.246,0.037
15,0,3,0.246,-0.010
15,1,0,0.246,-0.031
15,1,1,0.246,0.000
15,1,2,0.246,-0.071
15,1,3,0.246,0.038
15,2,0,0.246,0.037
15,2,1,0.246,-0.071
15,2,2,0.246,0.000
15,2,3,0.246,-0.035
15,3,0,0.246,-0.010
15,3,1,0.246,0.038
15,3,2,0.246,-0.035
15,3,3,0.246,0.000
16,0,0,0.261,0.000
16,0,1,0.261,-0.030
16,0,2,0.261,0.040
16,0,3,0.261,-0.012
16,1,0,0.261,-0.030
16,1,1,0.261,0.000
16,1,2,0.261,-0.075
16,1,3,0.261,0.041
16,2,0,0.261,0.040
16,2,1,0.261,-0.075
16,2,2,0.261,0.000
16,2,3,0.261,-0.035
16,3,0,0.261,-0.012
16,3,1,0.261,0.041
16,3,2,0.261,-0.035
16,3,3,0.261,0.000
17,0,0,0.270,0.000
17,0,1,0.270,-0.030
17,0,2,0.270,0.042
17,0,3,0.270,-0.013
17,1,0,0.270,-0.030
17,1,1,0.270,0.000
17,1,2,0.270,-0.078
17,1,3,0.270,0.043
17,2,0,0.270,0.042
17,2,1,0.270,-0.078
17,2,2,0.270,0.000
17,2,3,0.270,-0.035
17,3,0,0.270,-0.013
17,3,1,0.270,0.043
17,3,2,0.270,-0.035
17,3,3,0.270,0.000
18,0,0,0.279,0.000
18,0,1,0.279,-0.030
18,0,2,0.279,0.044
18,0,3,0.279,-0.014
18,1,0,0.279,-0.030
18,1,1,0.279,0.000
18,1,2,0.279,-0.080
18,1,3,0.279,0.045
18,2,0,0.279,0.044
18,2,1,0.279,-0.080
18,2,2,0.279,0.000
18,2,3,0.279,-0.035
18,3,0,0.279,-0.014
18,3,1,0.279,0.045
18,3,2,0.279,-0.035
18,3,3,0.279,0.000
19,0,0,0.288,0.000
19,0,1,0.288,-0.030
19,0,2,0.288,0.046
19,0,3,0.288,-0.016
19,1,0,0.288,-0.030
19,1,1,0.288,0.000
19,1,2,0.288,-0.083
19,1,3,0.288,0.047
19,2,0,0.288,0.046
19,2,1,0.288,-0.083
19,2,2,0.288,0.000
19,2,3,0.288,-0.035
19,3,0,0.288,-0.016
19,3,1,0.288,0.047
19,3,2,0.288,-0.035
19,3,3,0.288,0.000
20,0,0,0.296,0.000
20,0,1,0.296,-0.030
20,0,2,0.296,0.048
20,0,3,0.296,-0.017
20,1,0,0.296,-0.030
20,1,1,0.296,0.000
20,1,2,0.296,-0.085
20,1,3,0.296,0.049
20,2,0,0.296,0.048
20,2,1,0.296,-0.085
20,2,2,0.296,0.000
20,2,3,0.296,-0.035
20,3,0,0.296,-0.017
20,3,1,0.296,0.049
20,3,2,0.296,-0.035
20,3,3,0.296,0.000
21,0,0,0.305,0.000
21,0,1,0.305,-0.029
21,0,2,0.305,0.050
21,0,3,0.305,-0.019
21,1,0,0.305,-0.029
21,1,1,0.305,0.000
21,1,2,0.305,-0.088
21,1,3,0.305,0.051
21,2,0,0.305,0.050
21,2,1,0.305,-0.088
21,2,2,0.305,0.000
21,2,3,0.305,-0.035
21,3,0,0.305,-0.019
21,3,1,0.305,0.051
21,3,2,0.305,-0.035
21,3,3,0.305,0.000
22,0,0,0.314,0.000
22,0,1,0.314,-0.029
22,0,2,0.314,0.052
22,0,3,0.314,-0.021
22,1,0,0.314,-0.029
22,1,1,0.314,0.000
22,1,2,0.314,-0.091
22,1,3,0.314,0.052
22,2,0,0.314,0.052
22,2,1,0.314,-0.091
22,2,2,0.314,0.000
22,2,3,0.314,-0.035
22,3,0,0.314,-0.021
22,3,1,0.314,0.052
22,3,2,0.314,-0.035
22,3,3,0.314,0.000
23,0,0,0.323,0.000
23,0,1,0.323,-0.029
23,0,2,0.323,0.054
23,0,3,0.323,-0.022
23,1,0,0.323,-0.029
23,1,1,0.323,0.000
23,1,2,0.323,-0.093
23,1,3,0.323,0.054
23,2,0,0.323,0.054
23,2,1,0.323,-0.093
23,2,2,0.323,0.000
23,2,3,0.323,-0.035
23,3,0,0.323,-0.022
23,3,1,0.323,0.054
23,3,2,0.323,-0.035
23,3,3,0.323,0.000
24,0,0,0.332,0.000
24,0,1,0.332,-0.028
24,0,2,0.332,0.057
24,0,3,0.332,-0.024
24,1,0,0.332,-0.028
24,1,1,0.332,0.000
24,1,2,0.332,-0.096
24,1,3,0.332,0.056
24,2,0,0.332,0.057
24,2,1,0.332,-0.096
24,2,2,0.332,0.000
24,2,3,0.332,-0.035
24,3,0,0.332,-0.024
24,3,1,0.332,0.056
24,3,2,0.332,-0.035
24,3,3,0.332,0.000
25,0,0,0.340,0.000
25,0,1,0.340,-0.028
25,0,2,0.340,0.059
25,0,3,0.340,-0.026
25,1,0,0.340,-0.028
25,1,1,0.340,0.000
25,1,2,0.340,-0.099
25,1,3,0.340,0.058
25,2,0,0.340,0.059
25,2,1,0.340,-0.099
25,2,2,0.340,0.000
25,2,3,0.340,-0.035
25,3,0,0.340,-0.026
25,3,1,0.340,0.058
25,3,2,0.340,-0.035
25,3,3,0.340,0.000
26,0,0,0.349,0.000
26,0,1,0.349,-0.028
26,0,2,0.349,0.061
26,0,3,0.349,-0.028
26,1,0,0.349,-0.028
26,1,1,0.349,0.000
26,1,2,0.349,-0.101
26,1,3,0.349,0.060
26,2,0,0.349,0.061
26,2,1,0.349,-0.101
26,2,2,0.349,0.000
26,2,3,0.349,-0.035
26,3,0,0.349,-0.028
26,3,1,0.349,0.060
26,3,2,0.349,-0.035
26,3,3,0.349,0.000
27,0,0,0.358,0.000
27,0,1,0.358,-0.027
27,0,2,0.358,0.063
27,0,3,0.358,-0.030
27,1,0,0.358,-0.027
27,1,1,0.358,0.000
27,1,2,0.358,-0.104
27,1,3,0.358,0.062
27,2,0,0.358,0.063
27,2,1,0.358,-0.104
27,2,2,0.358,0.000
27,2,3,0.358,-0.035
27,3,0,0.358,-0.030
27,3,1,0.358,0.062
27,3,2,0.358,-0.035
27,3,3,0.358,0.000
28,0,0,0.367,0.000
28,0,1,0.367,-0.027
28,0,2,0.367,0.066
28,0,3,0.367,-0.032
28,1,0,0.367,-0.027
28,1,1,0.367,0.000
28,1,2,0.367,-0.107
28,1,3,0.367,0.063
28,2,0,0.367,0.066
28,2,1,0.367,-0.107
28,2,2,0.367,0.000
28,2,3,0.367,-0.034
28,3,0,0.367,-0.032
28,3,1,0.367,0.063
28,3,2,0.367,-0.034
28,3,3,0.367,0.000
29,0,0,0.376,0.000
29,0,1,0.376,-0.027
29,0,2,0.376,0.068
29,0,3,0.376,-0.034
29,1,0,0.376,-0.027
29,1,1,0.376,0.000
29,1,2,0.376,-0.109
29,1,3,0.376,0.065
29,2,0,0.376,0.068
29,2,1,0.376,-0.109
29,2,2,0.376,0.000
29,2,3,0.376,-0.034
29,3,0,0.376,-0.034
29,3,1,0.376,0.065
29,3,2,0.376,-0.034
29,3,3,0.376,0.000
30,0,0,0.385,0.000
30,0,1,0.385,-0.026
30,0,2,0.385,0.071
30,0,3,0.385,-0.036
30,1,0,0.385,-0.026
30,1,1,0.385,0.000
30,1,2,0.385,-0.112
30,1,3,0.385,0.067
30,2,0,0.385,0.071
30,2,1,0.385,-0.112
30,2,2,0.385,0.000
30,2,3,0.385,-0.034
30,3,0,0.385,-0.036
30,3,1,0.385,0.067
30,3,2,0.385,-0.034
30,3,3,0.385,0.000
31,0,0,0.394,0.000
31,0,1,0.394,-0.026
31,0,2,0.394,0.073
31,0,3,0.394,-0.038
31,1,0,0.394,-0.026
31,1,1,0.394,0.000
31,1,2,0.394,-0.115
31,1,3,0.394,0.069
31,2,0,0.394,0.073
31,2,1,0.394,-0.115
31,2,2,0.394,0.000
31,2,3,0.394,-0.034
31,3,0,0.394,-0.038
31,3,1,0.394,0.069
31,3,2,0.394,-0.034
31,3,3,0.394,0.000
32,0,0,0.403,0.000
32,0,1,0.403,-0.025
32,0,2,0.403,0.076
32,0,3,0.403,-0.040
32,1,0,0.403,-0.025
32,1,1,0.403,0.000
32,1,2,0.403,-0.118
32,1,3,0.403,0.071
32,2,0,0.403,0.076
32,2,1,0.403,-0.118
32,2,2,0.403,0.000
32,2,3,0.403,-0.034
32,3,0,0.403,-0.040
32,3,1,0.403,0.071
32,3,2,0.403,-0.034
32,3,3,0.403,0.000
33,0,0,0.412,0.000
33,0,1,0.412,-0.025
33,0,2,0.412,0.078
33,0,3,0.412,-0.043
33,1,0,0.412,-0.025
33,1,1,0.412,0.000
33,1,2,0.412,-0.121
33,1,3,0.412,0.072
33,2,0,0.412,0.078
33,2,1,0.412,-0.121
33,2,2,0.412,0.000
33,2,3,0.412,-0.033
33,3,0,0.412,-0.043
33,3,1,0.412,0.072
33,3,2,0.412,-0.033
33,3,3,0.412,0.000
34,0,0,0.421,0.000
34,0,1,0.421,-0.024
34,0,2,0.421,0.081
34,0,3,0.421,-0.045
34,1,0,0.421,-0.024
34,1,1,0.421,0.000
34,1,2,0.421,-0.123
34,1,3,0.421,0.074
34,2,0,0.421,0.081
34,2,1,0.421,-0.123
34,2,2,0.421,0.000
34,2,3,0.421,-0.033
34,3,0,0.421,-0.045
34,3,1,0.421,0.074
34,3,2,0.421,-0.033
34,3,3,0.421,0.000
35,0,0,0.430,0.000
35,0,1,0.430,-0.024
35,0,2,0.430,0.084
35,0,3,0.430,-0.047
35,1,0,0.430,-0.024
35,1,1,0.430,0.000
35,1,2,0.430,-0.126
35,1,3,0.430,0.076
35,2,0,0.430,0.084
35,2,1,0.430,-0.126
35,2,2,0.430,0.000
35,2,3,0.430,-0.033
35,3,0,0.430,-0.047
35,3,1,0.430,0.076
35,3,2,0.430,-0.033
35,3,3,0.430,0.000
36,0,0,0.440,0.000
36,0,1,0.440,-0.024
36,0,2,0.440,0.086
36,0,3,0.440,-0.049
36,1,0,0.440,-0.024
36,1,1,0.440,0.000
36,1,2,0.440,-0.129
36,1,3,0.440,0.077
36,2,0,0.440,0.086
36,2,1,0.440,-0.129
36,2,2,0.440,0.000
36,2,3,0.440,-0.032
36,3,0,0.440,-0.049
36,3,1,0.440,0.077
36,3,2,0.440,-0.032
36,3,3,0.440,0.000
37,0,0,0.449,0.000
37,0,1,0.449,-0.023
37,0,2,0.449,0.089
37,0,3,0.449,-0.051
37,1,0,0.449,-0.023
37,1,1,0.449,0.000
37,1,2,0.449,-0.132
37,1,3,0.449,0.079
37,2,0,0.449,0.089
37,2,1,0.449,-0.132
37,2,2,0.449,0.000
37,2,3,0.449,-0.032
37,3,0,0.449,-0.051
37,3,1,0.449,0.079
37,3,2,0.449,-0.032
37,3,3,0.449,0.000
38,0,0,0.459,0.000
38,0,1,0.459,-0.023
38,0,2,0.459,0.092
38,0,3,0.459,-0.054
38,1,0,0.459,-0.023
38,1,1,0.459,0.000
38,1,2,0.459,-0.135
38,1,3,0.459,0.080
38,2,0,0.459,0.092
38,2,1,0.459,-0.135
38,2,2,0.459,0.000
38,2,3,0.459,-0.032
38,3,0,0.459,-0.054
38,3,1,0.459,0.080
38,3,2,0.459,-0.032
38,3,3,0.459,0.000
39,0,0,0.468,0.000
39,0,1,0.468,-0.022
39,0,2,0.468,0.095
39,0,3,0.468,-0.056
39,1,0,0.468,-0.022
39,1,1,0.468,0.000
39,1,2,0.468,-0.138
39,1,3,0.468,0.081
39,2,0,0.468,0.095
39,2,1,0.468,-0.138
39,2,2,0.468,0.000
39,2,3,0.468,-0.031
39,3,0,0.468,-0.056
39,3,1,0.468,0.081
39,3,2,0.468,-0.031
39,3,3,0.468,0.000
40,0,0,0.478,0.000
40,0,1,0.478,-0.022
40,0,2,0.478,0.098
40,0,3,0.478,-0.058
40,1,0,0.478,-0.022
40,1,1,0.478,0.000
40,1,2,0.478,-0.141
40,1,3,0.478,0.083
40,2,0,0.478,0.098
40,2,1,0.478,-0.141
40,2,2,0.478,0.000
40,2,3,0.478,-0.031
40,3,0,0.478,-0.058
40,3,1,0.478,0.083
40,3,2,0.478,-0.031
40,3,3,0.478,0.000
41,0,0,0.488,0.000
41,0,1,0.488,-0.021
41,0,2,0.488,0.101
41,0,3,0.488,-0.060
41,1,0,0.488,-0.021
41,1,1,0.488,0.000
41,1,2,0.488,-0.144
41,1,3,0.488,0.084
41,2,0,0.488,0.101
41,2,1,0.488,-0.144
41,2,2,0.488,0.000
41,2,3,0.488,-0.030
41,3,0,0.488,-0.060
41,3,1,0.488,0.084
41,3,2,0.488,-0.030
41,3,3,0.488,0.000
42,0,0,0.497,0.000
42,0,1,0.497,-0.021
42,0,2,0.497,0.104
42,0,3,0.497,-0.063
42,1,0,0.497,-0.021
42,1,1,0.497,0.000
42,1,2,0.497,-0.147
42,1,3,0.497,0.085
42,2,0,0.497,0.104
42,2,1,0.497,-0.147
42,2,2,0.497,0.000
42,2,3,0.497,-0.030
42,3,0,0.497,-0.063
42,3,1,0.497,0.085
42,3,2,0.497,-0.030
42,3,3,0.497,0.000
43,0,0,0.507,0.000
43,0,1,0.507,-0.020
43,0,2,0.507,0.107
43,0,3,0.507,-0.065
43,1,0,0.507,-0.020
43,1,1,0.507,0.000
43,1,2,0.507,-0.150
43,1,3,0.507,0.086
43,2,0,0.507,0.107
43,2,1,0.507,-0.150
43,2,2,0.507,0.000
43,2,3,0.507,-0.029
43,3,0,0.507,-0.065
43,3,1,0.507,0.086
43,3,2,0.507,-0.029
43,3,3,0.507,0.000
44,0,0,0.517,0.000
44,0,1,0.517,-0.020
44,0,2,0.517,0.111
44,0,3,0.517,-0.067
44,1,0,0.517,-0.020
44,1,1,0.517,0.000
44,1,2,0.517,-0.153
44,1,3,0.517,0.087
44,2,0,0.517,0.111
44,2,1,0.517,-0.153
44,2,2,0.517,0.000
44,2,3,0.517,-0.029
44,3,0,0.517,-0.067
44,3,1,0.517,0.087
44,3,2,0.517,-0.029
44,3,3,0.517,0.000
45,0,0,0.528,0.000
45,0,1,0.528,-0.019
45,0,2,0.528,0.114
45,0,3,0.528,-0.069
45,1,0,0.528,-0.019
45,1,1,0.528,0.000
45,1,2,0.528,-0.156
45,1,3,0.528,0.088
45,2,0,0.528,0.114
45,2,1,0.528,-0.156
45,2,2,0.528,0.000
45,2,3,0.528,-0.028
45,3,0,0.528,-0.069
45,3,1,0.528,0.088
45,3,2,0.528,-0.028
45,3,3,0.528,0.000
46,0,0,0.538,0.000
46,0,1,0.538,-0.019
46,0,2,0.538,0.117
46,0,3,0.538,-0.071
46,1,0,0.538,-0.019
46,1,1,0.538,0.000
46,1,2,0.538,-0.160
46,1,3,0.538,0.089
46,2,0,0.538,0.117
46,2,1,0.538,-0.160
46,2,2,0.538,0.000
46,2,3,0.538,-0.028
46,3,0,0.538,-0.071
46,3,1,0.538,0.089
46,3,2,0.538,-0.028
46,3,3,0.538,0.000
47,0,0,0.549,0.000
47,0,1,0.549,-0.018
47,0,2,0.549,0.121
47,0,3,0.549,-0.073
47,1,0,0.549,-0.018
47,1,1,0.549,0.000
47,1,2,0.549,-0.163
47,1,3,0.549,0.090
47,2,0,0.549,0.121
47,2,1,0.549,-0.163
47,2,2,0.549,0.000
47,2,3,0.549,-0.027
47,3,0,0.549,-0.073
47,3,1,0.549,0.090
47,3,2,0.549,-0.027
47,3,3,0.549,0.000
48,0,0,0.559,0.000
48,0,1,0.559,-0.018
48,0,2,0.559,0.124
48,0,3,0.559,-0.075
48,1,0,0.559,-0.018
48,1,1,0.559,0.000
48,1,2,0.559,-0.166
48,1,3,0.559,0.091
48,2,0,0.559,0.124
48,2,1,0.559,-0.166
48,2,2,0.559,0.000
48,2,3,0.559,-0.027
48,3,0,0.559,-0.075
48,3,1,0.559,0.091
48,3,2,0.559,-0.027
48,3,3,0.559,0.000
49,0,0,0.570,0.000
49,0,1,0.570,-0.018
49,0,2,0.570,0.128
49,0,3,0.570,-0.077
49,1,0,0.570,-0.018
49,1,1,0.570,0.000
49,1,2,0.570,-0.170
49,1,3,0.570,0.091
49,2,0,0.570,0.128
49,2,1,0.570,-0.170
49,2,2,0.570,0.000
49,2,3,0.570,-0.026
49,3,0,0.570,-0.077
49,3,1,0.570,0.091
49,3,2,0.570,-0.026
49,3,3,0.570,0.000
50,0,0,0.581,0.000
50,0,1,0.581,-0.017
50,0,2,0.581,0.132
50,0,3,0.581,-0.078
50,1,0,0.581,-0.017
50,1,1,0.581,0.000
50,1,2,0.581,-0.173
50,1,3,0.581,0.092
50,2,0,0.581,0.132
50,2,1,0.581,-0.173
50,2,2,0.581,0.000
50,2,3,0.581,-0.026
50,3,0,0.581,-0.078
50,3,1,0.581,0.092
50,3,2,0.581,-0.026
50,3,3,0.581,0.000
51,0,0,0.592,0.000
51,0,1,0.592,-0.017
51,0,2,0.592,0.135
51,0,3,0.592,-0.080
51,1,0,0.592,-0.017
51,1,1,0.592,0.000
51,1,2,0.592,-0.177
51,1,3,0.592,0.092
51,2,0,0.592,0.135
51,2,1,0.592,-0.177
51,2,2,0.592,0.000
51,2,3,0.592,-0.025
51,3,0,0.592,-0.080
51,3,1,0.592,0.092
51,3,2,0.592,-0.025
51,3,3,0.592,0.000
52,0,0,0.604,0.000
52,0,1,0.604,-0.016
52,0,2,0.604,0.139
52,0,3,0.604,-0.082
52,1,0,0.604,-0.016
52,1,1,0.604,0.000
52,1,2,0.604,-0.180
52,1,3,0.604,0.092
52,2,0,0.604,0.139
52,2,1,0.604,-0.180
52,2,2,0.604,0.000
52,2,3,0.604,-0.025
52,3,0,0.604,-0.082
52,3,1,0.604,0.092
52,3,2,0.604,-0.025
52,3,3,0.604,0.000
53,0,0,0.615,0.000
53,0,1,0.615,-0.016
53,0,2,0.615,0.143
53,0,3,0.615,-0.083
53,1,0,0.615,-0.016
53,1,1,0.615,0.000
53,1,2,0.615,-0.184
53,1,3,0.615,0.093
53,2,0,0.615,0.143
53,2,1,0.615,-0.184
53,2,2,0.615,0.000
53,2,3,0.615,-0.024
53,3,0,0.615,-0.083
53,3,1,0.615,0.093
53,3,2,0.615,-0.024
53,3,3,0.615,0.000
54,0,0,0.627,0.000
54,0,1,0.627,-0.015
54,0,2,0.627,0.147
54,0,3,0.627,-0.084
54,1,0,0.627,-0.015
54,1,1,0.627,0.000
54,1,2,0.627,-0.188
54,1,3,0.627,0.093
54,2,0,0.627,0.147
54,2,1,0.627,-0.188
54,2,2,0.627,0.000
54,2,3,0.627,-0.024
54,3,0,0.627,-0.084
54,3,1,0.627,0.093
54,3,2,0.627,-0.024
54,3,3,0.627,0.000
55,0,0,0.639,0.000
55,0,1,0.639,-0.015
55,0,2,0.639,0.152
55,0,3,0.639,-0.086
55,1,0,0.639,-0.015
55,1,1,0.639,0.000
55,1,2,0.639,-0.191
55,1,3,0.639,0.093
55,2,0,0.639,0.152
55,2,1,0.639,-0.191
55,2,2,0.639,0.000
55,2,3,0.639,-0.023
55,3,0,0.639,-0.086
55,3,1,0.639,0.093
55,3,2,0.639,-0.023
55,3,3,0.639,0.000
56,0,0,0.652,0.000
56,0,1,0.652,-0.014
56,0,2,0.652,0.156
56,0,3,0.652,-0.087
56,1,0,0.652,-0.014
56,1,1,0.652,0.000
56,1,2,0.652,-0.195
56,1,3,0.652,0.093
56,2,0,0.652,0.156
56,2,1,0.652,-0.195
56,2,2,0.652,0.000
56,2,3,0.652,-0.022
56,3,0,0.652,-0.087
56,3,1,0.652,0.093
56,3,2,0.652,-0.022
56,3,3,0.652,0.000
57,0,0,0.664,0.000
57,0,1,0.664,-0.014
57,0,2,0.664,0.160
57,0,3,0.664,-0.088
57,1,0,0.664,-0.014
57,1,1,0.664,0.000
57,1,2,0.664,-0.199
57,1,3,0.664,0.092
57,2,0,0.664,0.160
57,2,1,0.664,-0.199
57,2,2,0.664,0.000
57,2,3,0.664,-0.022
57,3,0,0.664,-0.088
57,3,1,0.664,0.092
57,3,2,0.664,-0.022
57,3,3,0.664,0.000
58,0,0,0.678,0.000
58,0,1,0.678,-0.014
58,0,2,0.678,0.165
58,0,3,0.678,-0.089
58,1,0,0.678,-0.014
58,1,1,0.678,0.000
58,1,2,0.678,-0.204
58,1,3,0.678,0.092
58,2,0,0.678,0.165
58,2,1,0.678,-0.204
58,2,2,0.678,0.000
58,2,3,0.678,-0.021
58,3,0,0.678,-0.089
58,3,1,0.678,0.092
58,3,2,0.678,-0.021
58,3,3,0.678,0.000
59,0,0,0.691,0.000
59,0,1,0.691,-0.013
59,0,2,0.691,0.169
59,0,3,0.691,-0.090
59,1,0,0.691,-0.013
59,1,1,0.691,0.000
59,1,2,0.691,-0.208
59,1,3,0.691,0.091
59,2,0,0.691,0.169
59,2,1,0.691,-0.208
59,2,2,0.691,0.000
59,2,3,0.691,-0.020
59,3,0,0.691,-0.090
59,3,1,0.691,0.091
59,3,2,0.691,-0.020
59,3,3,0.691,0.000
60,0,0,0.705,0.000
60,0,1,0.705,-0.013
60,0,2,0.705,0.174
60,0,3,0.705,-0.091
60,1,0,0.705,-0.013
60,1,1,0.705,0.000
60,1,2,0.705,-0.212
60,1,3,0.705,0.091
60,2,0,0.705,0.174
60,2,1,0.705,-0.212
60,2,2,0.705,0.000
60,2,3,0.705,-0.020
60,3,0,0.705,-0.091
60,3,1,0.705,0.091
60,3,2,0.705,-0.020
60,3,3,0.705,0.000
61,0,0,0.719,0.000
61,0,1,0.719,-0.012
61,0,2,0.719,0.179
61,0,3,0.719,-0.091
61,1,0,0.719,-0.012
61,1,1,0.719,0.000
61,1,2,0.719,-0.217
61,1,3,0.719,0.090
61,2,0,0.719,0.179
61,2,1,0.719,-0.217
61,2,2,0.719,0.000
61,2,3,0.719,-0.019
61,3,0,0.719,-0.091
61,3,1,0.719,0.090
61,3,2,0.719,-0.019
61,3,3,0.719,0.000
62,0,0,0.734,0.000
62,0,1,0.734,-0.012
62,0,2,0.734,0.184
62,0,3,0.734,-0.092
62,1,0,0.734,-0.012
62,1,1,0.734,0.000
62,1,2,0.734,-0.222
62,1,3,0.734,0.089
62,2,0,0.734,0.184
62,2,1,0.734,-0.222
62,2,2,0.734,0.000
62,2,3,0.734,-0.018
62,3,0,0.734,-0.092
62,3,1,0.734,0.089
62,3,2,0.734,-0.018
62,3,3,0.734,0.000
63,0,0,0.744,0.000
63,0,1,0.744,-0.012
63,0,2,0.744,0.188
63,0,3,0.744,-0.092
63,1,0,0.744,-0.012
63,1,1,0.744,0.000
63,1,2,0.744,-0.225
63,1,3,0.744,0.088
63,2,0,0.744,0.188
63,2,1,0.744,-0.225
63,2,2,0.744,0.000
63,2,3,0.744,-0.018
63,3,0,0.744,-0.092
63,3,1,0.744,0.088
63,3,2,0.744,-0.018
63,3,3,0.744,0.000
64,0,0,0.754,0.000
64,0,1,0.754,-0.012
64,0,2,0.754,0.191
64,0,3,0.754,-0.092
64,1,0,0.754,-0.012
64,1,1,0.754,0.000
64,1,2,0.754,-0.229
64,1,3,0.754,0.087
64,2,0,0.754,0.191
64,2,1,0.754,-0.229
64,2,2,0.754,0.000
64,2,3,0.754,-0.017
64,3,0,0.754,-0.092
64,3,1,0.754,0.087
64,3,2,0.754,-0.017
64,3,3,0.754,0.000
65,0,0,0.765,0.000
65,0,1,0.765,-0.011
65,0,2,0.765,0.195
65,0,3,0.765,-0.092
65,1,0,0.765,-0.011
65,1,1,0.765,0.000
65,1,2,0.765,-0.232
65,1,3,0.765,0.086
65,2,0,0.765,0.195
65,2,1,0.765,-0.232
65,2,2,0.765,0.000
65,2,3,0.765,-0.017
65,3,0,0.765,-0.092
65,3,1,0.765,0.086
65,3,2,0.765,-0.017
65,3,3,0.765,0.000
66,0,0,0.775,0.000
66,0,1,0.775,-0.011
66,0,2,0.775,0.199
66,0,3,0.775,-0.092
66,1,0,0.775,-0.011
66,1,1,0.775,0.000
66,1,2,0.775,-0.236
66,1,3,0.775,0.085
66,2,0,0.775,0.199
66,2,1,0.775,-0.236
66,2,2,0.775,0.000
66,2,3,0.775,-0.016
66,3,0,0.775,-0.092
66,3,1,0.775,0.085
66,3,2,0.775,-0.016
66,3,3,0.775,0.000
67,0,0,0.796,0.000
67,0,1,0.796,-0.011
67,0,2,0.796,0.206
67,0,3,0.796,-0.091
67,1,0,0.796,-0.011
67,1,1,0.796,0.000
67,1,2,0.796,-0.243
67,1,3,0.796,0.083
67,2,0,0.796,0.206
67,2,1,0.796,-0.243
67,2,2,0.796,0.000
67,2,3,0.796,-0.015
67,3,0,0.796,-0.091
67,3,1,0.796,0.083
67,3,2,0.796,-0.015
67,3,3,0.796,0.000
68,0,0,0.817,0.000
68,0,1,0.817,-0.010
68,0,2,0.817,0.213
68,0,3,0.817,-0.091
68,1,0,0.817,-0.010
68,1,1,0.817,0.000
68,1,2,0.817,-0.250
68,1,3,0.817,0.081
68,2,0,0.817,0.213
68,2,1,0.817,-0.250
68,2,2,0.817,0.000
68,2,3,0.817,-0.015
68,3,0,0.817,-0.091
68,3,1,0.817,0.081
68,3,2,0.817,-0.015
68,3,3,0.817,0.000
69,0,0,0.839,0.000
69,0,1,0.839,-0.010
69,0,2,0.839,0.220
69,0,3,0.839,-0.089
69,1,0,0.839,-0.010
69,1,1,0.839,0.000
69,1,2,0.839,-0.257
69,1,3,0.839,0.079
69,2,0,0.839,0.220
69,2,1,0.839,-0.257
69,2,2,0.839,0.000
69,2,3,0.839,-0.014
69,3,0,0.839,-0.089
69,3,1,0.839,0.079
69,3,2,0.839,-0.014
69,3,3,0.839,0.000
70,0,0,0.861,0.000
70,0,1,0.861,-0.010
70,0,2,0.861,0.228
70,0,3,0.861,-0.088
70,1,0,0.861,-0.010
70,1,1,0.861,0.000
70,1,2,0.861,-0.264
70,1,3,0.861,0.076
70,2,0,0.861,0.228
70,2,1,0.861,-0.264
70,2,2,0.861,0.000
70,2,3,0.861,-0.013
70,3,0,0.861,-0.088
70,3,1,0.861,0.076
70,3,2,0.861,-0.013
70,3,3,0.861,0.000
71,0,0,0.883,0.000
71,0,1,0.883,-0.009
71,0,2,0.883,0.235
71,0,3,0.883,-0.086
71,1,0,0.883,-0.009
71,1,1,0.883,0.000
71,1,2,0.883,-0.271
71,1,3,0.883,0.073
71,2,0,0.883,0.235
71,2,1,0.883,-0.271
71,2,2,0.883,0.000
71,2,3,0.883,-0.012
71,3,0,0.883,-0.086
71,3,1,0.883,0.073
71,3,2,0.883,-0.012
71,3,3,0.883,0.000
72,0,0,0.906,0.000
72,0,1,0.906,-0.009
72,0,2,0.906,0.242
72,0,3,0.906,-0.084
72,1,0,0.906,-0.009
72,1,1,0.906,0.000
72,1,2,0.906,-0.279
72,1,3,0.906,0.070
72,2,0,0.906,0.242
72,2,1,0.906,-0.279
72,2,2,0.906,0.000
72,2,3,0.906,-0.011
72,3,0,0.906,-0.084
72,3,1,0.906,0.070
72,3,2,0.906,-0.011
72,3,3,0.906,0.000
73,0,0,0.930,0.000
73,0,1,0.930,-0.009
73,0,2,0.930,0.250
73,0,3,0.930,-0.082
73,1,0,0.930,-0.009
73,1,1,0.930,0.000
73,1,2,0.930,-0.287
73,1,3,0.930,0.067
73,2,0,0.930,0.250
73,2,1,0.930,-0.287
73,2,2,0.930,0.000
73,2,3,0.930,-0.010
73,3,0,0.930,-0.082
73,3,1,0.930,0.067
73,3,2,0.930,-0.010
73,3,3,0.930,0.000
74,0,0,0.954,0.000
74,0,1,0.954,-0.009
74,0,2,0.954,0.257
74,0,3,0.954,-0.080
74,1,0,0.954,-0.009
74,1,1,0.954,0.000
74,1,2,0.954,-0.294
74,1,3,0.954,0.063
74,2,0,0.954,0.257
74,2,1,0.954,-0.294
74,2,2,0.954,0.000
74,2,3,0.954,-0.009
74,3,0,0.954,-0.080
74,3,1,0.954,0.063
74,3,2,0.954,-0.009
74,3,3,0.954,0.000
75,0,0,0.979,0.000
75,0,1,0.979,-0.009
75,0,2,0.979,0.265
75,0,3,0.979,-0.077
75,1,0,0.979,-0.009
75,1,1,0.979,0.000
75,1,2,0.979,-0.302
75,1,3,0.979,0.060
75,2,0,0.979,0.265
75,2,1,0.979,-0.302
75,2,2,0.979,0.000
75,2,3,0.979,-0.008
75,3,0,0.979,-0.077
75,3,1,0.979,0.060
75,3,2,0.979,-0.008
75,3,3,0.979,0.000
76,0,0,1.005,0.000
76,0,1,1.005,-0.008
76,0,2,1.005,0.272
76,0,3,1.005,-0.074
76,1,0,1.005,-0.008
76,1,1,1.005,0.000
76,1,2,1.005,-0.310
76,1,3,1.005,0.056
76,2,0,1.005,0.272
76,2,1,1.005,-0.310
76,2,2,1.005,0.000
76,2,3,1.005,-0.007
76,3,0,1.005,-0.074
76,3,1,1.005,0.056
76,3,2,1.005,-0.007
76,3,3,1.005,0.000
77,0,0,1.032,0.000
77,0,1,1.032,-0.008
77,0,2,1.032,0.280
77,0,3,1.032,-0.070
77,1,0,1.032,-0.008
77,1,1,1.032,0.000
77,1,2,1.032,-0.318
77,1,3,1.032,0.052
77,2,0,1.032,0.280
77,2,1,1.032,-0.318
77,2,2,1.032,0.000
77,2,3,1.032,-0.006
77,3,0,1.032,-0.070
77,3,1,1.032,0.052
77,3,2,1.032,-0.006
77,3,3,1.032,0.000
78,0,0,1.060,0.000
78,0,1,1.060,-0.008
78,0,2,1.060,0.287
78,0,3,1.060,-0.067
78,1,0,1.060,-0.008
78,1,1,1.060,0.000
78,1,2,1.060,-0.326
78,1,3,1.060,0.048
78,2,0,1.060,0.287
78,2,1,1.060,-0.326
78,2,2,1.060,0.000
78,2,3,1.060,-0.005
78,3,0,1.060,-0.067
78,3,1,1.060,0.048
78,3,2,1.060,-0.005
78,3,3,1.060,0.000
79,0,0,1.090,0.000
79,0,1,1.090,-0.008
79,0,2,1.090,0.295
79,0,3,1.090,-0.063
79,1,0,1.090,-0.008
79,1,1,1.090,0.000
79,1,2,1.090,-0.333
79,1,3,1.090,0.043
79,2,0,1.090,0.295
79,2,1,1.090,-0.333
79,2,2,1.090,0.000
79,2,3,1.090,-0.004
79,3,0,1.090,-0.063
79,3,1,1.090,0.043
79,3,2,1.090,-0.004
79,3,3,1.090,0.000
80,0,0,1.137,0.000
80,0,1,1.137,-0.008
80,0,2,1.137,0.306
80,0,3,1.137,-0.057
80,1,0,1.137,-0.008
80,1,1,1.137,0.000
80,1,2,1.137,-0.345
80,1,3,1.137,0.037
80,2,0,1.137,0.306
80,2,1,1.137,-0.345
80,2,2,1.137,0.000
80,2,3,1.137,-0.003
80,3,0,1.137,-0.057
80,3,1,1.137,0.037
80,3,2,1.137,-0.003
80,3,3,1.137,0.000
81,0,0,1.171,0.000
81,0,1,1.171,-0.008
81,0,2,1.171,0.313
81,0,3,1.171,-0.053
81,1,0,1.171,-0.008
81,1,1,1.171,0.000
81,1,2,1.171,-0.353
81,1,3,1.171,0.032
81,2,0,1.171,0.313
81,2,1,1.171,-0.353
81,2,2,1.171,0.000
81,2,3,1.171,-0.002
81,3,0,1.171,-0.053
81,3,1,1.171,0.032
81,3,2,1.171,-0.002
81,3,3,1.171,0.000
82,0,0,1.206,0.000
82,0,1,1.206,-0.008
82,0,2,1.206,0.320
82,0,3,1.206,-0.049
82,1,0,1.206,-0.008
82,1,1,1.206,0.000
82,1,2,1.206,-0.360
82,1,3,1.206,0.027
82,2,0,1.206,0.320
82,2,1,1.206,-0.360
82,2,2,1.206,0.000
82,2,3,1.206,-0.001
82,3,0,1.206,-0.049
82,3,1,1.206,0.027
82,3,2,1.206,-0.001
82,3,3,1.206,0.000
83,0,0,1.240,0.000
83,0,1,1.240,-0.008
83,0,2,1.240,0.326
83,0,3,1.240,-0.045
83,1,0,1.240,-0.008
83,1,1,1.240,0.000
83,1,2,1.240,-0.366
83,1,3,1.240,0.023
83,2,0,1.240,0.326
83,2,1,1.240,-0.366
83,2,2,1.240,0.000
83,2,3,1.240,0.000
83,3,0,1.240,-0.045
83,3,1,1.240,0.023
83,3,2,1.240,0.000
83,3,3,1.240,0.000
84,0,0,1.274,0.000
84,0,1,1.274,-0.008
84,0,2,1.274,0.332
84,0,3,1.274,-0.041
84,1,0,1.274,-0.008
84,1,1,1.274,0.000
84,1,2,1.274,-0.372
84,1,3,1.274,0.019
84,2,0,1.274,0.332
84,2,1,1.274,-0.372
84,2,2,1.274,0.000
84,2,3,1.274,0.000
84,3,0,1.274,-0.041
84,3,1,1.274,0.019
84,3,2,1.274,0.000
84,3,3,1.274,0.000
85,0,0,1.308,0.000
85,0,1,1.308,-0.008
85,0,2,1.308,0.337
85,0,3,1.308,-0.038
85,1,0,1.308,-0.008
85,1,1,1.308,0.000
85,1,2,1.308,-0.377
85,1,3,1.308,0.015
85,2,0,1.308,0.337
85,2,1,1.308,-0.377
85,2,2,1.308,0.000
85,2,3,1.308,0.000
85,3,0,1.308,-0.038
85,3,1,1.308,0.015
85,3,2,1.308,0.000
85,3,3,1.308,0.000
86,0,0,1.343,0.000
86,0,1,1.343,-0.008
86,0,2,1.343,0.341
86,0,3,1.343,-0.035
86,1,0,1.343,-0.008
86,1,1,1.343,0.000
86,1,2,1.343,-0.382
86,1,3,1.343,0.011
86,2,0,1.343,0.341
86,2,1,1.343,-0.382
86,2,2,1.343,0.000
86,2,3,1.343,0.000
86,3,0,1.343,-0.035
86,3,1,1.343,0.011
86,3,2,1.343,0.000
86,3,3,1.343,0.000
87,0,0,1.378,0.000
87,0,1,1.378,-0.008
87,0,2,1.378,0.346
87,0,3,1.378,-0.032
87,1,0,1.378,-0.008
87,1,1,1.378,0.000
87,1,2,1.378,-0.386
87,1,3,1.378,0.008
87,2,0,1.378,0.346
87,2,1,1.378,-0.386
87,2,2,1.378,0.000
87,2,3,1.378,0.000
87,3,0,1.378,-0.032
87,3,1,1.378,0.008
87,3,2,1.378,0.000
87,3,3,1.378,0.000
88,0,0,1.414,0.000
88,0,1,1.414,-0.008
88,0,2,1.414,0.349
88,0,3,1.414,-0.029
88,1,0,1.414,-0.008
88,1,1,1.414,0.000
88,1,2,1.414,-0.390
88,1,3,1.414,0.005
88,2,0,1.414,0.349
88,2,1,1.414,-0.390
88,2,2,1.414,0.000
88,2,3,1.414,0.000
88,3,0,1.414,-0.029
88,3,1,1.414,0.005
88,3,2,1.414,0.000
88,3,3,1.414,0.000
89,0,0,1.451,0.000
89,0,1,1.451,-0.008
89,0,2,1.451,0.353
89,0,3,1.451,-0.027
89,1,0,1.451,-0.008
89,1,1,1.451,0.000
89,1,2,1.451,-0.393
89,1,3,1.451,0.002
89,2,0,1.451,0.353
89,2,1,1.451,-0.393
89,2,2,1.451,0.000
89,2,3,1.451,0.000
89,3,0,1.451,-0.027
89,3,1,1.451,0.002
89,3,2,1.451,0.000
89,3,3,1.451,0.000
90,0,0,1.489,0.000
90,0,1,1.489,-0.008
90,0,2,1.489,0.356
90,0,3,1.489,-0.024
90,1,0,1.489,-0.008
90,1,1,1.489,0.000
90,1,2,1.489,-0.396
90,1,3,1.489,0.000
90,2,0,1.489,0.356
90,2,1,1.489,-0.396
90,2,2,1.489,0.000
90,2,3,1.489,0.000
90,3,0,1.489,-0.024
90,3,1,1.489,0.000
90,3,2,1.489,0.000
90,3,3,1.489,0.000
91,0,0,1.530,0.000
91,0,1,1.530,-0.008
91,0,2,1.530,0.359
91,0,3,1.530,-0.022
91,1,0,1.530,-0.008
91,1,1,1.530,0.000
91,1,2,1.530,-0.399
91,1,3,1.530,-0.002
91,2,0,1.530,0.359
91,2,1,1.530,-0.399
91,2,2,1.530,0.000
91,2,3,1.530,0.000
91,3,0,1.530,-0.022
91,3,1,1.530,-0.002
91,3,2,1.530,0.000
91,3,3,1.530,0.000
92,0,0,1.572,0.000
92,0,1,1.572,-0.008
92,0,2,1.572,0.361
92,0,3,1.572,-0.020
92,1,0,1.572,-0.008
92,1,1,1.572,0.000
92,1,2,1.572,-0.401
92,1,3,1.572,-0.005
92,2,0,1.572,0.361
92,2,1,1.572,-0.401
92,2,2,1.572,0.000
92,2,3,1.572,0.000
92,3,0,1.572,-0.020
92,3,1,1.572,-0.005
92,3,2,1.572,0.000
92,3,3,1.572,0.000
93,0,0,1.617,0.000
93,0,1,1.617,-0.008
93,0,2,1.617,0.363
93,0,3,1.617,-0.019
93,1,0,1.617,-0.008
93,1,1,1.617,0.000
93,1,2,1.617,-0.403
93,1,3,1.617,-0.007
93,2,0,1.617,0.363
93,2,1,1.617,-0.403
93,2,2,1.617,0.000
93,2,3,1.617,0.000
93,3,0,1.617,-0.019
93,3,1,1.617,-0.007
93,3,2,1.617,0.000
93,3,3,1.617,0.000
94,0,0,1.664,0.000
94,0,1,1.664,-0.008
94,0,2,1.664,0.365
94,0,3,1.664,-0.017
94,1,0,1.664,-0.008
94,1,1,1.664,0.000
94,1,2,1.664,-0.405
94,1,3,1.664,-0.009
94,2,0,1.664,0.365
94,2,1,1.664,-0.405
94,2,2,1.664,0.000
94,2,3,1.664,0.000
94,3,0,1.664,-0.017
94,3,1,1.664,-0.009
94,3,2,1.664,0.000
94,3,3,1.664,0.000
95,0,0,1.716,0.000
95,0,1,1.716,-0.009
95,0,2,1.716,0.367
95,0,3,1.716,-0.016
95,1,0,1.716,-0.009
95,1,1,1.716,0.000
95,1,2,1.716,-0.407
95,1,3,1.716,-0.010
95,2,0,1.716,0.367
95,2,1,1.716,-0.407
95,2,2,1.716,0.000
95,2,3,1.716,0.000
95,3,0,1.716,-0.016
95,3,1,1.716,-0.010
95,3,2,1.716,0.000
95,3,3,1.716,0.000
96,0,0,1.772,0.000
96,0,1,1.772,-0.009
96,0,2,1.772,0.368
96,0,3,1.772,-0.014
96,1,0,1.772,-0.009
96,1,1,1.772,0.000
96,1,2,1.772,-0.408
96,1,3,1.772,-0.012
96,2,0,1.772,0.368
96,2,1,1.772,-0.408
96,2,2,1.772,0.000
96,2,3,1.772,0.000
96,3,0,1.772,-0.014
96,3,1,1.772,-0.012
96,3,2,1.772,0.000
96,3,3,1.772,0.000
97,0,0,1.834,0.000
97,0,1,1.834,-0.009
97,0,2,1.834,0.369
97,0,3,1.834,-0.013
97,1,0,1.834,-0.009
97,1,1,1.834,0.000
97,1,2,1.834,-0.409
97,1,3,1.834,-0.013
97,2,0,1.834,0.369
97,2,1,1.834,-0.409
97,2,2,1.834,0.000
97,2,3,1.834,0.000
97,3,0,1.834,-0.013
97,3,1,1.834,-0.013
97,3,2,1.834,0.000
97,3,3,1.834,0.000
98,0,0,1.904,0.000
98,0,1,1.904,-0.009
98,0,2,1.904,0.370
98,0,3,1.904,-0.013
98,1,0,1.904,-0.009
98,1,1,1.904,0.000
98,1,2,1.904,-0.410
98,1,3,1.904,-0.014
98,2,0,1.904,0.370
98,2,1,1.904,-0.410
98,2,2,1.904,0.000
98,2,3,1.904,0.000
98,3,0,1.904,-0.013
98,3,1,1.904,-0.014
98,3,2,1.904,0.000
98,3,3,1.904,0.000
99,0,0,1.983,0.000
99,0,1,1.983,-0.009
99,0,2,1.983,0.371
99,0,3,1.983,-0.012
99,1,0,1.983,-0.009
99,1,1,1.983,0.000
99,1,2,1.983,-0.411
99,1,3,1.983,-0.015
99,2,0,1.983,0.371
99,2,1,1.983,-0.411
99,2,2,1.983,0.000
99,2,3,1.983,0.000
99,3,0,1.983,-0.012
99,3,1,1.983,-0.015
99,3,2,1.983,0.000
99,3,3,1.983,0.000
100,0,0,2.075,0.000
100,0,1,2.075,-0.009
100,0,2,2.075,0.372
100,0,3,2.075,-0.011
100,1,0,2.075,-0.009
100,1,1,2.075,0.000
100,1,2,2.075,-0.412
100,1,3,2.075,-0.016
100,2,0,2.075,0.372
100,2,1,2.075,-0.412
100,2,2,2.075,0.000
100,2,3,2.075,0.000
100,3,0,2.075,-0.011
100,3,1,2.075,-0.016
100,3,2,2.075,0.000
100,3,3,2.075,0.000
101,0,0,2.184,0.000
101,0,1,2.184,-0.009
101,0,2,2.184,0.372
101,0,3,2.184,-0.011
101,1,0,2.184,-0.009
101,1,1,2.184,0.000
101,1,2,2.184,-0.412
101,1,3,2.184,-0.016
101,2,0,2.184,0.372
101,2,1,2.184,-0.412
101,2,2,2.184,0.000
101,2,3,2.184,0.000
101,3,0,2.184,-0.011
101,3,1,2.184,-0.016
101,3,2,2.184,0.000
101,3,3,2.184,0.000
102,0,0,2.321,0.000
102,0,1,2.321,-0.009
102,0,2,2.321,0.372
102,0,3,2.321,-0.011
102,1,0,2.321,-0.009
102,1,1,2.321,0.000
102,1,2,2.321,-0.412
102,1,3,2.321,-0.017
102,2,0,2.321,0.372
102,2,1,2.321,-0.412
102,2,2,2.321,0.000
102,2,3,2.321,0.000
102,3,0,2.321,-0.011
102,3,1,2.321,-0.017
102,3,2,2.321,0.000
102,3,3,2.321,0.000
103,0,0,2.499,0.000
103,0,1,2.499,-0.009
103,0,2,2.499,0.373
103,0,3,2.499,-0.010
103,1,0,2.499,-0.009
103,1,1,2.499,0.000
103,1,2,2.499,-0.412
103,1,3,2.499,-0.017
103,2,0,2.499,0.373
103,2,1,2.499,-0.412
103,2,2,2.499,0.000
103,2,3,2.499,0.000
103,3,0,2.499,-0.010
103,3,1,2.499,-0.017
103,3,2,2.499,0.000
103,3,3,2.499,0.000
104,0,0,2.751,0.000
104,0,1,2.751,-0.009
104,0,2,2.751,0.373
104,0,3,2.751,-0.010
104,1,0,2.751,-0.009
104,1,1,2.751,0.000
104,1,2,2.751,-0.412
104,1,3,2.751,-0.017
104,2,0,2.751,0.373
104,2,1,2.751,-0.412
104,2,2,2.751,0.000
104,2,3,2.751,0.000
104,3,0,2.751,-0.010
104,3,1,2.751,-0.017
104,3,2,2.751,0.000
104,3,3,2.751,0.000
105,0,0,3.163,0.000
105,0,1,3.163,-0.009
105,0,2,3.163,0.373
105,0,3,3.163,-0.010
105,1,0,3.163,-0.009
105,1,1,3.163,0.000
105,1,2,3.163,-0.412
105,1,3,3.163,-0.017
105,2,0,3.163,0.373
105,2,1,3.163,-0.412
105,2,2,3.163,0.000
105,2,3,3.163,0.000
105,3,0,3.163,-0.010
105,3,1,3.163,-0.017
105,3,2,3.163,0.000
105,3,3,3.163,0.000
106,0,0,3.494,0.000
106,0,1,3.494,-0.009
106,0,2,3.494,0.373
106,0,3,3.494,-0.010
106,1,0,3.494,-0.009
106,1,1,3.494,0.000
106,1,2,3.494,-0.412
106,1,3,3.494,-0.017
106,2,0,3.494,0.373
106,2,1,3.494,-0.412
106,2,2,3.494,0.000
106,2,3,3.494,0.000
106,3,0,3.494,-0.010
106,3,1,3.494,-0.017
106,3,2,3.494,0.000
106,3,3,3.494,0.000
107,0,0,3.659,0.000
107,0,1,3.659,-0.009
107,0,2,3.659,0.373
107,0,3,3.659,-0.010
107,1,0,3.659,-0.009
107,1,1,3.659,0.000
107,1,2,3.659,-0.412
107,1,3,3.659,-0.017
107,2,0,3.659,0.373
107,2,1,3.659,-0.412
107,2,2,3.659,0.000
107,2,3,3.659,0.000
107,3,0,3.659,-0.010
107,3,1,3.659,-0.017
107,3,2,3.659,0.000
107,3,3,3.659,0.000
108,0,0,3.824,0.000
108,0,1,3.824,-0.009
108,0,2,3.824,0.373
108,0,3,3.824,-0.010
108,1,0,3.824,-0.009
108,1,1,3.824,0.000
108,1,2,3.824,-0.412
108,1,3,3.824,-0.017
108,2,0,3.824,0.373
108,2,1,3.824,-0.412
108,2,2,3.824,0.000
108,2,3,3.824,0.000
108,3,0,3.824,-0.010
108,3,1,3.824,-0.017
108,3,2,3.824,0.000
108,3,3,3.824,0.000
109,0,0,4.127,0.000
109,0,1,4.127,-0.009
109,0,2,4.127,0.373
109,0,3,4.127,-0.010
109,1,0,4.127,-0.009
109,1,1,4.127,0.000
109,1,2,4.127,-0.412
109,1,3,4.127,-0.017
109,2,0,4.127,0.373
109,2,1,4.127,-0.412
109,2,2,4.127,0.000
109,2,3,4.127,0.000
109,3,0,4.127,-0.010
109,3,1,4.127,-0.017
109,3,2,4.127,0.000
109,3,3,4.127,0.000
110,0,0,4.436,0.000
110,0,1,4.436,-0.009
110,0,2,4.436,0.373
110,0,3,4.436,-0.010
110,1,0,4.436,-0.009
110,1,1,4.436,0.000
110,1,2,4.436,-0.412
110,1,3,4.436,-0.017
110,2,0,4.436,0.373
110,2,1,4.436,-0.412
110,2,2,4.436,0.000
110,2,3,4.436,0.000
110,3,0,4.436,-0.010
110,3,1,4.436,-0.017
110,3,2,4.436,0.000
110,3,3,4.436,0.000
111,0,0,4.600,0.000
111,0,1,4.600,-0.009
111,0,2,4.600,0.373
111,0,3,4.600,-0.010
111,1,0,4.600,-0.009
111,1,1,4.600,0.000
111,1,2,4.600,-0.412
111,1,3,4.600,-0.017
111,2,0,4.600,0.373
111,2,1,4.600,-0.412
111,2,2,4.600,0.000
111,2,3,4.600,0.000
111,3,0,4.600,-0.010
111,3,1,4.600,-0.017
111,3,2,4.600,0.000
111,3,3,4.600,0.000
112,0,0,4.765,0.000
112,0,1,4.765,-0.009
112,0,2,4.765,0.373
112,0,3,4.765,-0.010
112,1,0,4.765,-0.009
112,1,1,4.765,0.000
112,1,2,4.765,-0.412
112,1,3,4.765,-0.017
112,2,0,4.765,0.373
112,2,1,4.765,-0.412
112,2,2,4.765,0.000
112,2,3,4.765,0.000
112,3,0,4.765,-0.010
112,3,1,4.765,-0.017
112,3,2,4.765,0.000
112,3,3,4.765,0.000
113,0,0,5.071,0.000
113,0,1,5.071,-0.009
113,0,2,5.071,0.373
113,0,3,5.071,-0.010
113,1,0,5.071,-0.009
113,1,1,5.071,0.000
113,1,2,5.071,-0.412
113,1,3,5.071,-0.017
113,2,0,5.071,0.373
113,2,1,5.071,-0.412
113,2,2,5.071,0.000
113,2,3,5.071,0.000
113,3,0,5.071,-0.010
113,3,1,5.071,-0.017
113,3,2,5.071,0.000
113,3,3,5.071,0.000
114,0,0,5.378,0.000
114,0,1,5.378,-0.009
114,0,2,5.378,0.373
114,0,3,5.378,-0.010
114,1,0,5.378,-0.009
114,1,1,5.378,0.000
114,1,2,5.378,-0.412
114,1,3,5.378,-0.017
114,2,0,5.378,0.373
114,2,1,5.378,-0.412
114,2,2,5.378,0.000
114,2,3,5.378,0.000
114,3,0,5.378,-0.010
114,3,1,5.378,-0.017
114,3,2,5.378,0.000
114,3,3,5.378,0.000
115,0,0,5.542,0.000
115,0,1,5.542,-0.009
115,0,2,5.542,0.373
115,0,3,5.542,-0.010
115,1,0,5.542,-0.009
115,1,1,5.542,0.000
115,1,2,5.542,-0.412
115,1,3,5.542,-0.017
115,2,0,5.542,0.373
115,2,1,5.542,-0.412
115,2,2,5.542,0.000
115,2,3,5.542,0.000
115,3,0,5.542,-0.010
115,3,1,5.542,-0.017
115,3,2,5.542,0.000
115,3,3,5.542,0.000
116,0,0,5.706,0.000
116,0,1,5.706,-0.009
116,0,2,5.706,0.373
116,0,3,5.706,-0.010
116,1,0,5.706,-0.009
116,1,1,5.706,0.000
116,1,2,5.706,-0.412
116,1,3,5.706,-0.017
116,2,0,5.706,0.373
116,2,1,5.706,-0.412
116,2,2,5.706,0.000
116,2,3,5.706,0.000
116,3,0,5.706,-0.010
116,3,1,5.706,-0.017
116,3,2,5.706,0.000
116,3,3,5.706,0.000
117,0,0,6.013,0.000
117,0,1,6.013,-0.009
117,0,2,6.013,0.373
117,0,3,6.013,-0.010
117,1,0,6.013,-0.009
117,1,1,6.013,0.000
117,1,2,6.013,-0.412
117,1,3,6.013,-0.017
117,2,0,6.013,0.373
117,2,1,6.013,-0.412
117,2,2,6.013,0.000
117,2,3,6.013,0.000
117,3,0,6.013,-0.010
117,3,1,6.013,-0.017
117,3,2,6.013,0.000
117,3,3,6.013,0.000
118,0,0,6.319,0.000
118,0,1,6.319,-0.009
118,0,2,6.319,0.373
118,0,3,6.319,-0.010
118,1,0,6.319,-0.009
118,1,1,6.319,0.000
118,1,2,6.319,-0.412
118,1,3,6.319,-0.017
118,2,0,6.319,0.373
118,2,1,6.319,-0.412
118,2,2,6.319,0.000
118,2,3,6.319,0.000
118,3,0,6.319,-0.010
118,3,1,6.319,-0.017
118,3,2,6.319,0.000
118,3,3,6.319,0.000
119,0,0,6.484,0.000
119,0,1,6.484,-0.009
119,0,2,6.484,0.373
119,0,3,6.484,-0.010
119,1,0,6.484,-0.009
119,1,1,6.484,0.000
119,1,2,6.484,-0.412
119,1,3,6.484,-0.017
119,2,0,6.484,0.373
119,2,1,6.484,-0.412
119,2,2,6.484,0.000
119,2,3,6.484,0.000
119,3,0,6.484,-0.010
119,3,1,6.484,-0.017
119,3,2,6.484,0.000
119,3,3,6.484,0.000
120,0,0,6.648,0.000
120,0,1,6.648,-0.009
120,0,2,6.648,0.373
120,0,3,6.648,-0.010
120,1,0,6.648,-0.009
120,1,1,6.648,0.000
120,1,2,6.648,-0.412
120,1,3,6.648,-0.017
120,2,0,6.648,0.373
120,2,1,6.648,-0.412
120,2,2,6.648,0.000
120,2,3,6.648,0.000
120,3,0,6.648,-0.010
120,3,1,6.648,-0.017
120,3,2,6.648,0.000
120,3,3,6.648,0.000
121,0,0,6.954,0.000
121,0,1,6.954,-0.009
121,0,2,6.954,0.373
121,0,3,6.954,-0.010
121,1,0,6.954,-0.009
121,1,1,6.954,0.000
121,1,2,6.954,-0.412
121,1,3,6.954,-0.017
121,2,0,6.954,0.373
121,2,1,6.954,-0.412
121,2,2,6.954,0.000
121,2,3,6.954,0.000
121,3,0,6.954,-0.010
121,3,1,6.954,-0.017
121,3,2,6.954,0.000
121,3,3,6.954,0.000
122,0,0,7.260,0.000
122,0,1,7.260,-0.009
122,0,2,7.260,0.373
122,0,3,7.260,-0.010
122,1,0,7.260,-0.009
122,1,1,7.260,0.000
122,1,2,7.260,-0.412
122,1,3,7.260,-0.017
122,2,0,7.260,0.373
122,2,1,7.260,-0.412
122,2,2,7.260,0.000
122,2,3,7.260,0.000
122,3,0,7.260,-0.010
122,3,1,7.260,-0.017
122,3,2,7.260,0.000
122,3,3,7.260,0.000
123,0,0,7.425,0.000
123,0,1,7.425,-0.009
123,0,2,7.425,0.373
123,0,3,7.425,-0.010
123,1,0,7.425,-0.009
123,1,1,7.425,0.000
123,1,2,7.425,-0.412
123,1,3,7.425,-0.017
123,2,0,7.425,0.373
123,2,1,7.425,-0.412
123,2,2,7.425,0.000
123,2,3,7.425,0.000
123,3,0,7.425,-0.010
123,3,1,7.425,-0.017
123,3,2,7.425,0.000
123,3,3,7.425,0.000
124,0,0,7.589,0.000
124,0,1,7.589,-0.009
124,0,2,7.589,0.373
124,0,3,7.589,-0.010
124,1,0,7.589,-0.009
124,1,1,7.589,0.000
124,1,2,7.589,-0.412
124,1,3,7.589,-0.017
124,2,0,7.589,0.373
124,2,1,7.589,-0.412
124,2,2,7.589,0.000
124,2,3,7.589,0.000
124,3,0,7.589,-0.010
124,3,1,7.589,-0.017
124,3,2,7.589,0.000
124,3,3,7.589,0.000
125,0,0,7.896,0.000
125,0,1,7.896,-0.009
125,0,2,7.896,0.373
125,0,3,7.896,-0.010
125,1,0,7.896,-0.009
125,1,1,7.896,0.000
125,1,2,7.896,-0.412
125,1,3,7.896,-0.017
125,2,0,7.896,0.373
125,2,1,7.896,-0.412
125,2,2,7.896,0.000
125,2,3,7.896,0.000
125,3,0,7.896,-0.010
125,3,1,7.896,-0.017
125,3,2,7.896,0.000
125,3,3,7.896,0.000
126,0,0,8.202,0.000
126,0,1,8.202,-0.009
126,0,2,8.202,0.373
126,0,3,8.202,-0.010
126,1,0,8.202,-0.009
126,1,1,8.202,0.000
126,1,2,8.202,-0.412
126,1,3,8.202,-0.017
126,2,0,8.202,0.373
126,2,1,8.202,-0.412
126,2,2,8.202,0.000
126,2,3,8.202,0.000
126,3,0,8.202,-0.010
126,3,1,8.202,-0.017
126,3,2,8.202,0.000
126,3,3,8.202,0.000
127,0,0,8.366,0.000
127,0,1,8.366,-0.009
127,0,2,8.366,0.373
127,0,3,8.366,-0.010
127,1,0,8.366,-0.009
127,1,1,8.366,0.000
127,1,2,8.366,-0.412
127,1,3,8.366,-0.017
127,2,0,8.366,0.373
127,2,1,8.366,-0.412
127,2,2,8.366,0.000
127,2,3,8.366,0.000
127,3,0,8.366,-0.010
127,3,1,8.366,-0.017
127,3,2,8.366,0.000
127,3,3,8.366,0.000
128,0,0,8.531,0.000
128,0,1,8.531,-0.009
128,0,2,8.531,0.373
128,0,3,8.531,-0.010
128,1,0,8.531,-0.009
128,1,1,8.531,0.000
128,1,2,8.531,-0.412
128,1,3,8.531,-0.017
128,2,0,8.531,0.373
128,2,1,8.531,-0.412
128,2,2,8.531,0.000
128,2,3,8.531,0.000
128,3,0,8.531,-0.010
128,3,1,8.531,-0.017
128,3,2,8.531,0.000
128,3,3,8.531,0.000
129,0,0,8.837,0.000
129,0,1,8.837,-0.009
129,0,2,8.837,0.373
129,0,3,8.837,-0.010
129,1,0,8.837,-0.009
129,1,1,8.837,0.000
129,1,2,8.837,-0.412
129,1,3,8.837,-0.017
129,2,0,8.837,0.373
129,2,1,8.837,-0.412
129,2,2,8.837,0.000
129,2,3,8.837,0.000
129,3,0,8.837,-0.010
129,3,1,8.837,-0.017
129,3,2,8.837,0.000
129,3,3,8.837,0.000
130,0,0,9.142,0.000
130,0,1,9.142,-0.009
130,0,2,9.142,0.373
130,0,3,9.142,-0.010
130,1,0,9.142,-0.009
130,1,1,9.142,0.000
130,1,2,9.142,-0.412
130,1,3,9.142,-0.017
130,2,0,9.142,0.373
130,2,1,9.142,-0.412
130,2,2,9.142,0.000
130,2,3,9.142,0.000
130,3,0,9.142,-0.010
130,3,1,9.142,-0.017
130,3,2,9.142,0.000
130,3,3,9.142,0.000
131,0,0,9.307,0.000
131,0,1,9.307,-0.009
131,0,2,9.307,0.373
131,0,3,9.307,-0.010
131,1,0,9.307,-0.009
131,1,1,9.307,0.000
131,1,2,9.307,-0.412
131,1,3,9.307,-0.017
131,2,0,9.307,0.373
131,2,1,9.307,-0.412
131,2,2,9.307,0.000
131,2,3,9.307,0.000
131,3,0,9.307,-0.010
131,3,1,9.307,-0.017
131,3,2,9.307,0.000
131,3,3,9.307,0.000
132,0,0,9.472,0.000
132,0,1,9.472,-0.009
132,0,2,9.472,0.373
132,0,3,9.472,-0.010
132,1,0,9.472,-0.009
132,1,1,9.472,0.000
132,1,2,9.472,-0.412
132,1,3,9.472,-0.017
132,2,0,9.472,0.373
132,2,1,9.472,-0.412
132,2,2,9.472,0.000
132,2,3,9.472,0.000
132,3,0,9.472,-0.010
132,3,1,9.472,-0.017
132,3,2,9.472,0.000
132,3,3,9.472,0.000
133,0,0,9.777,0.000
133,0,1,9.777,-0.009
133,0,2,9.777,0.373
133,0,3,9.777,-0.010
133,1,0,9.777,-0.009
133,1,1,9.777,0.000
133,1,2,9.777,-0.412
133,1,3,9.777,-0.017
133,2,0,9.777,0.373
133,2,1,9.777,-0.412
133,2,2,9.777,0.000
133,2,3,9.777,0.000
133,3,0,9.777,-0.010
133,3,1,9.777,-0.017
133,3,2,9.777,0.000
133,3,3,9.777,0.000
134,0,0,10.000,0.000
134,0,1,10.000,-0.009
134,0,2,10.000,0.373
134,0,3,10.000,-0.010
134,1,0,10.000,-0.009
134,1,1,10.000,0.000
134,1,2,10.000,-0.412
134,1,3,10.000,-0.017
134,2,0,10.000,0.373
134,2,1,10.000,-0.412
134,2,2,10.000,0.000
134,2,3,10.000,0.000
134,3,0,10.000,-0.010
134,3,1,10.000,-0.017
134,3,2,10.000,0.000
134,3,3,10.000,0.000
