121,4,time,val
0,0,0,0.000,0.000
0,0,1,0.000,-0.025
0,0,2,0.000,0.000
0,0,3,0.000,0.000
0,1,0,0.000,-0.025
0,1,1,0.000,0.000
0,1,2,0.000,-0.025
0,1,3,0.000,0.000
0,2,0,0.000,0.000
0,2,1,0.000,-0.025
0,2,2,0.000,0.000
0,2,3,0.000,-0.025
0,3,0,0.000,0.000
0,3,1,0.000,0.000
0,3,2,0.000,-0.025
0,3,3,0.000,0.000
1,0,0,0.050,0.000
1,0,1,0.050,-0.028
1,0,2,0.050,0.005
1,0,3,0.050,0.000
1,1,0,0.050,-0.028
1,1,1,0.050,0.000
1,1,2,0.050,-0.030
1,1,3,0.050,0.005
1,2,0,0.050,0.005
1,2,1,0.050,-0.030
1,2,2,0.050,0.000
1,2,3,0.050,-0.028
1,3,0,0.050,0.000
1,3,1,0.050,0.005
1,3,2,0.050,-0.028
1,3,3,0.050,0.000
2,0,0,0.100,0.000
2,0,1,0.100,-0.030
2,0,2,0.100,0.011
2,0,3,0.100,-0.001
2,1,0,0.100,-0.030
2,1,1,0.100,0.000
2,1,2,0.100,-0.036
2,1,3,0.100,0.011
2,2,0,0.100,0.011
2,2,1,0.100,-0.036
2,2,2,0.100,0.000
2,2,3,0.100,-0.030
2,3,0,0.100,-0.001
2,3,1,0.100,0.011
2,3,2,0.100,-0.030
2,3,3,0.100,0.000
3,0,0,0.150,0.000
3,0,1,0.150,-0.031
3,0,2,0.150,0.018
3,0,3,0.150,-0.003
3,1,0,0.150,-0.031
3,1,1,0.150,0.000
3,1,2,0.150,-0.044
3,1,3,0.150,0.018
3,2,0,0.150,0.018
3,2,1,0.150,-0.044
3,2,2,0.150,0.000
3,2,3,0.150,-0.032
3,3,0,0.150,-0.003
3,3,1,0.150,0.018
3,3,2,0.150,-0.032
3,3,3,0.150,0.000
4,0,0,0.200,0.000
4,0,1,0.200,-0.033
4,0,2,0.200,0.026
4,0,3,0.200,-0.007
4,1,0,0.200,-0.033
4,1,1,0.200,0.000
4,1,2,0.200,-0.054
4,1,3,0.200,0.026
4,2,0,0.200,0.026
4,2,1,0.200,-0.054
4,2,2,0.200,0.000
4,2,3,0.200,-0.034
4,3,0,0.200,-0.007
4,3,1,0.200,0.026
4,3,2,0.200,-0.034
4,3,3,0.200,0.000
5,0,0,0.250,0.000
5,0,1,0.250,-0.033
5,0,2,0.250,0.036
5,0,3,0.250,-0.012
5,1,0,0.250,-0.033
5,1,1,0.250,0.000
5,1,2,0.250,-0.065
5,1,3,0.250,0.034
5,2,0,0.250,0.036
5,2,1,0.250,-0.065
5,2,2,0.250,0.000
5,2,3,0.250,-0.035
5,3,0,0.250,-0.012
5,3,1,0.250,0.034
5,3,2,0.250,-0.035
5,3,3,0.250,0.000
6,0,0,0.300,0.000
6,0,1,0.300,-0.033
6,0,2,0.300,0.046
6,0,3,0.300,-0.018
6,1,0,0.300,-0.033
6,1,1,0.300,0.000
6,1,2,0.300,-0.077
6,1,3,0.300,0.044
6,2,0,0.300,0.046
6,2,1,0.300,-0.077
6,2,2,0.300,0.000
6,2,3,0.300,-0.036
6,3,0,0.300,-0.018
6,3,1,0.300,0.044
6,3,2,0.300,-0.036
6,3,3,0.300,0.000
7,0,0,0.350,0.000
7,0,1,0.350,-0.033
7,0,2,0.350,0.058
7,0,3,0.350,-0.026
7,1,0,0.350,-0.033
7,1,1,0.350,0.000
7,1,2,0.350,-0.091
7,1,3,0.350,0.054
7,2,0,0.350,0.058
7,2,1,0.350,-0.091
7,2,2,0.350,0.000
7,2,3,0.350,-0.037
7,3,0,0.350,-0.026
7,3,1,0.350,0.054
7,3,2,0.350,-0.037
7,3,3,0.350,0.000
8,0,0,0.400,0.000
8,0,1,0.400,-0.032
8,0,2,0.400,0.071
8,0,3,0.400,-0.036
8,1,0,0.400,-0.032
8,1,1,0.400,0.000
8,1,2,0.400,-0.105
8,1,3,0.400,0.064
8,2,0,0.400,0.071
8,2,1,0.400,-0.105
8,2,2,0.400,0.000
8,2,3,0.400,-0.038
8,3,0,0.400,-0.036
8,3,1,0.400,0.064
8,3,2,0.400,-0.038
8,3,3,0.400,0.000
9,0,0,0.450,0.000
9,0,1,0.450,-0.030
9,0,2,0.450,0.085
9,0,3,0.450,-0.046
9,1,0,0.450,-0.030
9,1,1,0.450,0.000
9,1,2,0.450,-0.119
9,1,3,0.450,0.073
9,2,0,0.450,0.085
9,2,1,0.450,-0.119
9,2,2,0.450,0.000
9,2,3,0.450,-0.038
9,3,0,0.450,-0.046
9,3,1,0.450,0.073
9,3,2,0.450,-0.038
9,3,3,0.450,0.000
10,0,0,0.500,0.000
10,0,1,0.500,-0.028
10,0,2,0.500,0.099
10,0,3,0.500,-0.057
10,1,0,0.500,-0.028
10,1,1,0.500,0.000
10,1,2,0.500,-0.134
10,1,3,0.500,0.082
10,2,0,0.500,0.099
10,2,1,0.500,-0.134
10,2,2,0.500,0.000
10,2,3,0.500,-0.037
10,3,0,0.500,-0.057
10,3,1,0.500,0.082
10,3,2,0.500,-0.037
10,3,3,0.500,0.000
11,0,0,0.550,0.000
11,0,1,0.550,-0.027
11,0,2,0.550,0.114
11,0,3,0.550,-0.068
11,1,0,0.550,-0.027
11,1,1,0.550,0.000
11,1,2,0.550,-0.148
11,1,3,0.550,0.090
11,2,0,0.550,0.114
11,2,1,0.550,-0.148
11,2,2,0.550,0.000
11,2,3,0.550,-0.037
11,3,0,0.550,-0.068
11,3,1,0.550,0.090
11,3,2,0.550,-0.037
11,3,3,0.550,0.000
12,0,0,0.600,0.000
12,0,1,0.600,-0.025
12,0,2,0.600,0.129
12,0,3,0.600,-0.077
12,1,0,0.600,-0.025
12,1,1,0.600,0.000
12,1,2,0.600,-0.162
12,1,3,0.600,0.096
12,2,0,0.600,0.129
12,2,1,0.600,-0.162
12,2,2,0.600,0.000
12,2,3,0.600,-0.036
12,3,0,0.600,-0.077
12,3,1,0.600,0.096
12,3,2,0.600,-0.036
12,3,3,0.600,0.000
13,0,0,0.650,0.000
13,0,1,0.650,-0.023
13,0,2,0.650,0.144
13,0,3,0.650,-0.086
13,1,0,0.650,-0.023
13,1,1,0.650,0.000
13,1,2,0.650,-0.176
13,1,3,0.650,0.101
13,2,0,0.650,0.144
13,2,1,0.650,-0.176
13,2,2,0.650,0.000
13,2,3,0.650,-0.035
13,3,0,0.650,-0.086
13,3,1,0.650,0.101
13,3,2,0.650,-0.035
13,3,3,0.650,0.000
14,0,0,0.700,0.000
14,0,1,0.700,-0.022
14,0,2,0.700,0.159
14,0,3,0.700,-0.092
14,1,0,0.700,-0.022
14,1,1,0.700,0.000
14,1,2,0.700,-0.189
14,1,3,0.700,0.103
14,2,0,0.700,0.159
14,2,1,0.700,-0.189
14,2,2,0.700,0.000
14,2,3,0.700,-0.034
14,3,0,0.700,-0.092
14,3,1,0.700,0.103
14,3,2,0.700,-0.034
14,3,3,0.700,0.000
15,0,0,0.750,0.000
15,0,1,0.750,-0.021
15,0,2,0.750,0.173
15,0,3,0.750,-0.097
15,1,0,0.750,-0.021
15,1,1,0.750,0.000
15,1,2,0.750,-0.202
15,1,3,0.750,0.104
15,2,0,0.750,0.173
15,2,1,0.750,-0.202
15,2,2,0.750,0.000
15,2,3,0.750,-0.032
15,3,0,0.750,-0.097
15,3,1,0.750,0.104
15,3,2,0.750,-0.032
15,3,3,0.750,0.000
16,0,0,0.800,0.000
16,0,1,0.800,-0.020
16,0,2,0.800,0.188
16,0,3,0.800,-0.099
16,1,0,0.800,-0.020
16,1,1,0.800,0.000
16,1,2,0.800,-0.215
16,1,3,0.800,0.103
16,2,0,0.800,0.188
16,2,1,0.800,-0.215
16,2,2,0.800,0.000
16,2,3,0.800,-0.031
16,3,0,0.800,-0.099
16,3,1,0.800,0.103
16,3,2,0.800,-0.031
16,3,3,0.800,0.000
17,0,0,0.850,0.000
17,0,1,0.850,-0.019
17,0,2,0.850,0.202
17,0,3,0.850,-0.099
17,1,0,0.850,-0.019
17,1,1,0.850,0.000
17,1,2,0.850,-0.229
17,1,3,0.850,0.100
17,2,0,0.850,0.202
17,2,1,0.850,-0.229
17,2,2,0.850,0.000
17,2,3,0.850,-0.030
17,3,0,0.850,-0.099
17,3,1,0.850,0.100
17,3,2,0.850,-0.030
17,3,3,0.850,0.000
18,0,0,0.900,0.000
18,0,1,0.900,-0.019
18,0,2,0.900,0.216
18,0,3,0.900,-0.098
18,1,0,0.900,-0.019
18,1,1,0.900,0.000
18,1,2,0.900,-0.243
18,1,3,0.900,0.096
18,2,0,0.900,0.216
18,2,1,0.900,-0.243
18,2,2,0.900,0.000
18,2,3,0.900,-0.028
18,3,0,0.900,-0.098
18,3,1,0.900,0.096
18,3,2,0.900,-0.028
18,3,3,0.900,0.000
19,0,0,0.950,0.000
19,0,1,0.950,-0.018
19,0,2,0.950,0.230
19,0,3,0.950,-0.094
19,1,0,0.950,-0.018
19,1,1,0.950,0.000
19,1,2,0.950,-0.257
19,1,3,0.950,0.091
19,2,0,0.950,0.230
19,2,1,0.950,-0.257
19,2,2,0.950,0.000
19,2,3,0.950,-0.027
19,3,0,0.950,-0.094
19,3,1,0.950,0.091
19,3,2,0.950,-0.027
19,3,3,0.950,0.000
20,0,0,1.000,0.000
20,0,1,1.000,-0.018
20,0,2,1.000,0.244
20,0,3,1.000,-0.090
20,1,0,1.000,-0.018
20,1,1,1.000,0.000
20,1,2,1.000,-0.271
20,1,3,1.000,0.085
20,2,0,1.000,0.244
20,2,1,1.000,-0.271
20,2,2,1.000,0.000
20,2,3,1.000,-0.025
20,3,0,1.000,-0.090
20,3,1,1.000,0.085
20,3,2,1.000,-0.025
20,3,3,1.000,0.000
21,0,0,1.050,0.000
21,0,1,1.050,-0.018
21,0,2,1.050,0.258
21,0,3,1.050,-0.084
21,1,0,1.050,-0.018
21,1,1,1.050,0.000
21,1,2,1.050,-0.285
21,1,3,1.050,0.078
21,2,0,1.050,0.258
21,2,1,1.050,-0.285
21,2,2,1.050,0.000
21,2,3,1.050,-0.024
21,3,0,1.050,-0.084
21,3,1,1.050,0.078
21,3,2,1.050,-0.024
21,3,3,1.050,0.000
22,0,0,1.100,0.000
22,0,1,1.100,-0.018
22,0,2,1.100,0.271
22,0,3,1.100,-0.078
22,1,0,1.100,-0.018
22,1,1,1.100,0.000
22,1,2,1.100,-0.298
22,1,3,1.100,0.071
22,2,0,1.100,0.271
22,2,1,1.100,-0.298
22,2,2,1.100,0.000
22,2,3,1.100,-0.023
22,3,0,1.100,-0.078
22,3,1,1.100,0.071
22,3,2,1.100,-0.023
22,3,3,1.100,0.000
23,0,0,1.150,0.000
23,0,1,1.150,-0.018
23,0,2,1.150,0.283
23,0,3,1.150,-0.071
23,1,0,1.150,-0.018
23,1,1,1.150,0.000
23,1,2,1.150,-0.311
23,1,3,1.150,0.064
23,2,0,1.150,0.283
23,2,1,1.150,-0.311
23,2,2,1.150,0.000
23,2,3,1.150,-0.022
23,3,0,1.150,-0.071
23,3,1,1.150,0.064
23,3,2,1.150,-0.022
23,3,3,1.150,0.000
24,0,0,1.200,0.000
24,0,1,1.200,-0.017
24,0,2,1.200,0.294
24,0,3,1.200,-0.064
24,1,0,1.200,-0.017
24,1,1,1.200,0.000
24,1,2,1.200,-0.323
24,1,3,1.200,0.056
24,2,0,1.200,0.294
24,2,1,1.200,-0.323
24,2,2,1.200,0.000
24,2,3,1.200,-0.021
24,3,0,1.200,-0.064
24,3,1,1.200,0.056
24,3,2,1.200,-0.021
24,3,3,1.200,0.000
25,0,0,1.250,0.000
25,0,1,1.250,-0.017
25,0,2,1.250,0.305
25,0,3,1.250,-0.057
25,1,0,1.250,-0.017
25,1,1,1.250,0.000
25,1,2,1.250,-0.334
25,1,3,1.250,0.048
25,2,0,1.250,0.305
25,2,1,1.250,-0.334
25,2,2,1.250,0.000
25,2,3,1.250,-0.020
25,3,0,1.250,-0.057
25,3,1,1.250,0.048
25,3,2,1.250,-0.020
25,3,3,1.250,0.000
26,0,0,1.300,0.000
26,0,1,1.300,-0.017
26,0,2,1.300,0.315
26,0,3,1.300,-0.050
26,1,0,1.300,-0.017
26,1,1,1.300,0.000
26,1,2,1.300,-0.344
26,1,3,1.300,0.041
26,2,0,1.300,0.315
26,2,1,1.300,-0.344
26,2,2,1.300,0.000
26,2,3,1.300,-0.019
26,3,0,1.300,-0.050
26,3,1,1.300,0.041
26,3,2,1.300,-0.019
26,3,3,1.300,0.000
27,0,0,1.350,0.000
27,0,1,1.350,-0.017
27,0,2,1.350,0.323
27,0,3,1.350,-0.044
27,1,0,1.350,-0.017
27,1,1,1.350,0.000
27,1,2,1.350,-0.353
27,1,3,1.350,0.034
27,2,0,1.350,0.323
27,2,1,1.350,-0.353
27,2,2,1.350,0.000
27,2,3,1.350,-0.018
27,3,0,1.350,-0.044
27,3,1,1.350,0.034
27,3,2,1.350,-0.018
27,3,3,1.350,0.000
28,0,0,1.400,0.000
28,0,1,1.400,-0.017
28,0,2,1.400,0.331
28,0,3,1.400,-0.039
28,1,0,1.400,-0.017
28,1,1,1.400,0.000
28,1,2,1.400,-0.361
28,1,3,1.400,0.028
28,2,0,1.400,0.331
28,2,1,1.400,-0.361
28,2,2,1.400,0.000
28,2,3,1.400,-0.018
28,3,0,1.400,-0.039
28,3,1,1.400,0.028
28,3,2,1.400,-0.018
28,3,3,1.400,0.000
29,0,0,1.450,0.000
29,0,1,1.450,-0.017
29,0,2,1.450,0.338
29,0,3,1.450,-0.034
29,1,0,1.450,-0.017
29,1,1,1.450,0.000
29,1,2,1.450,-0.367
29,1,3,1.450,0.023
29,2,0,1.450,0.338
29,2,1,1.450,-0.367
29,2,2,1.450,0.000
29,2,3,1.450,-0.017
29,3,0,1.450,-0.034
29,3,1,1.450,0.023
29,3,2,1.450,-0.017
29,3,3,1.450,0.000
30,0,0,1.500,0.000
30,0,1,1.500,-0.017
30,0,2,1.500,0.343
30,0,3,1.500,-0.029
30,1,0,1.500,-0.017
30,1,1,1.500,0.000
30,1,2,1.500,-0.373
30,1,3,1.500,0.018
30,2,0,1.500,0.343
30,2,1,1.500,-0.373
30,2,2,1.500,0.000
30,2,3,1.500,-0.016
30,3,0,1.500,-0.029
30,3,1,1.500,0.018
30,3,2,1.500,-0.016
30,3,3,1.500,0.000
31,0,0,1.550,0.000
31,0,1,1.550,-0.017
31,0,2,1.550,0.348
31,0,3,1.550,-0.026
31,1,0,1.550,-0.017
31,1,1,1.550,0.000
31,1,2,1.550,-0.378
31,1,3,1.550,0.014
31,2,0,1.550,0.348
31,2,1,1.550,-0.378
31,2,2,1.550,0.000
31,2,3,1.550,-0.016
31,3,0,1.550,-0.026
31,3,1,1.550,0.014
31,3,2,1.550,-0.016
31,3,3,1.550,0.000
32,0,0,1.600,0.000
32,0,1,1.600,-0.017
32,0,2,1.600,0.352
32,0,3,1.600,-0.022
32,1,0,1.600,-0.017
32,1,1,1.600,0.000
32,1,2,1.600,-0.382
32,1,3,1.600,0.010
32,2,0,1.600,0.352
32,2,1,1.600,-0.382
32,2,2,1.600,0.000
32,2,3,1.600,-0.015
32,3,0,1.600,-0.022
32,3,1,1.600,0.010
32,3,2,1.600,-0.015
32,3,3,1.600,0.000
33,0,0,1.650,0.000
33,0,1,1.650,-0.017
33,0,2,1.650,0.355
33,0,3,1.650,-0.020
33,1,0,1.650,-0.017
33,1,1,1.650,0.000
33,1,2,1.650,-0.385
33,1,3,1.650,0.007
33,2,0,1.650,0.355
33,2,1,1.650,-0.385
33,2,2,1.650,0.000
33,2,3,1.650,-0.015
33,3,0,1.650,-0.020
33,3,1,1.650,0.007
33,3,2,1.650,-0.015
33,3,3,1.650,0.000
34,0,0,1.700,0.000
34,0,1,1.700,-0.018
34,0,2,1.700,0.358
34,0,3,1.700,-0.017
34,1,0,1.700,-0.018
34,1,1,1.700,0.000
34,1,2,1.700,-0.388
34,1,3,1.700,0.004
34,2,0,1.700,0.358
34,2,1,1.700,-0.388
34,2,2,1.700,0.000
34,2,3,1.700,-0.015
34,3,0,1.700,-0.017
34,3,1,1.700,0.004
34,3,2,1.700,-0.015
34,3,3,1.700,0.000
35,0,0,1.750,0.000
35,0,1,1.750,-0.018
35,0,2,1.750,0.360
35,0,3,1.750,-0.016
35,1,0,1.750,-0.018
35,1,1,1.750,0.000
35,1,2,1.750,-0.390
35,1,3,1.750,0.002
35,2,0,1.750,0.360
35,2,1,1.750,-0.390
35,2,2,1.750,0.000
35,2,3,1.750,-0.014
35,3,0,1.750,-0.016
35,3,1,1.750,0.002
35,3,2,1.750,-0.014
35,3,3,1.750,0.000
36,0,0,1.800,0.000
36,0,1,1.800,-0.018
36,0,2,1.800,0.362
36,0,3,1.800,-0.014
36,1,0,1.800,-0.018
36,1,1,1.800,0.000
36,1,2,1.800,-0.392
36,1,3,1.800,0.001
36,2,0,1.800,0.362
36,2,1,1.800,-0.392
36,2,2,1.800,0.000
36,2,3,1.800,-0.014
36,3,0,1.800,-0.014
36,3,1,1.800,0.001
36,3,2,1.800,-0.014
36,3,3,1.800,0.000
37,0,0,1.850,0.000
37,0,1,1.850,-0.018
37,0,2,1.850,0.363
37,0,3,1.850,-0.013
37,1,0,1.850,-0.018
37,1,1,1.850,0.000
37,1,2,1.850,-0.393
37,1,3,1.850,-0.001
37,2,0,1.850,0.363
37,2,1,1.850,-0.393
37,2,2,1.850,0.000
37,2,3,1.850,-0.014
37,3,0,1.850,-0.013
37,3,1,1.850,-0.001
37,3,2,1.850,-0.014
37,3,3,1.850,0.000
38,0,0,1.900,0.000
38,0,1,1.900,-0.018
38,0,2,1.900,0.364
38,0,3,1.900,-0.012
38,1,0,1.900,-0.018
38,1,1,1.900,0.000
38,1,2,1.900,-0.394
38,1,3,1.900,-0.002
38,2,0,1.900,0.364
38,2,1,1.900,-0.394
38,2,2,1.900,0.000
38,2,3,1.900,-0.014
38,3,0,1.900,-0.012
38,3,1,1.900,-0.002
38,3,2,1.900,-0.014
38,3,3,1.900,0.000
39,0,0,1.950,0.000
39,0,1,1.950,-0.018
39,0,2,1.950,0.365
39,0,3,1.950,-0.011
39,1,0,1.950,-0.018
39,1,1,1.950,0.000
39,1,2,1.950,-0.395
39,1,3,1.950,-0.003
39,2,0,1.950,0.365
39,2,1,1.950,-0.395
39,2,2,1.950,0.000
39,2,3,1.950,-0.013
39,3,0,1.950,-0.011
39,3,1,1.950,-0.003
39,3,2,1.950,-0.013
39,3,3,1.950,0.000
40,0,0,2.000,0.000
40,0,1,2.000,-0.018
40,0,2,2.000,0.366
40,0,3,2.000,-0.011
40,1,0,2.000,-0.018
40,1,1,2.000,0.000
40,1,2,2.000,-0.396
40,1,3,2.000,-0.004
40,2,0,2.000,0.366
40,2,1,2.000,-0.396
40,2,2,2.000,0.000
40,2,3,2.000,-0.013
40,3,0,2.000,-0.011
40,3,1,2.000,-0.004
40,3,2,2.000,-0.013
40,3,3,2.000,0.000
41,0,0,2.050,0.000
41,0,1,2.050,-0.018
41,0,2,2.050,0.366
41,0,3,2.050,-0.010
41,1,0,2.050,-0.018
41,1,1,2.050,0.000
41,1,2,2.050,-0.396
41,1,3,2.050,-0.004
41,2,0,2.050,0.366
41,2,1,2.050,-0.396
41,2,2,2.050,0.000
41,2,3,2.050,-0.013
41,3,0,2.050,-0.010
41,3,1,2.050,-0.004
41,3,2,2.050,-0.013
41,3,3,2.050,0.000
42,0,0,2.100,0.000
42,0,1,2.100,-0.018
42,0,2,2.100,0.367
42,0,3,2.100,-0.010
42,1,0,2.100,-0.018
42,1,1,2.100,0.000
42,1,2,2.100,-0.397
42,1,3,2.100,-0.005
42,2,0,2.100,0.367
42,2,1,2.100,-0.397
42,2,2,2.100,0.000
42,2,3,2.100,-0.013
42,3,0,2.100,-0.010
42,3,1,2.100,-0.005
42,3,2,2.100,-0.013
42,3,3,2.100,0.000
43,0,0,2.150,0.000
43,0,1,2.150,-0.018
43,0,2,2.150,0.367
43,0,3,2.150,-0.010
43,1,0,2.150,-0.018
43,1,1,2.150,0.000
43,1,2,2.150,-0.397
43,1,3,2.150,-0.005
43,2,0,2.150,0.367
43,2,1,2.150,-0.397
43,2,2,2.150,0.000
43,2,3,2.150,-0.013
43,3,0,2.150,-0.010
43,3,1,2.150,-0.005
43,3,2,2.150,-0.013
43,3,3,2.150,0.000
44,0,0,2.200,0.000
44,0,1,2.200,-0.018
44,0,2,2.200,0.367
44,0,3,2.200,-0.009
44,1,0,2.200,-0.018
44,1,1,2.200,0.000
44,1,2,2.200,-0.397
44,1,3,2.200,-0.006
44,2,0,2.200,0.367
44,2,1,2.200,-0.397
44,2,2,2.200,0.000
44,2,3,2.200,-0.013
44,3,0,2.200,-0.009
44,3,1,2.200,-0.006
44,3,2,2.200,-0.013
44,3,3,2.200,0.000
45,0,0,2.250,0.000
45,0,1,2.250,-0.018
45,0,2,2.250,0.368
45,0,3,2.250,-0.009
45,1,0,2.250,-0.018
45,1,1,2.250,0.000
45,1,2,2.250,-0.397
45,1,3,2.250,-0.006
45,2,0,2.250,0.368
45,2,1,2.250,-0.397
45,2,2,2.250,0.000
45,2,3,2.250,-0.013
45,3,0,2.250,-0.009
45,3,1,2.250,-0.006
45,3,2,2.250,-0.013
45,3,3,2.250,0.000
46,0,0,2.300,0.000
46,0,1,2.300,-0.018
46,0,2,2.300,0.368
46,0,3,2.300,-0.009
46,1,0,2.300,-0.018
46,1,1,2.300,0.000
46,1,2,2.300,-0.398
46,1,3,2.300,-0.006
46,2,0,2.300,0.368
46,2,1,2.300,-0.398
46,2,2,2.300,0.000
46,2,3,2.300,-0.012
46,3,0,2.300,-0.009
46,3,1,2.300,-0.006
46,3,2,2.300,-0.012
46,3,3,2.300,0.000
47,0,0,2.350,0.000
47,0,1,2.350,-0.018
47,0,2,2.350,0.368
47,0,3,2.350,-0.009
47,1,0,2.350,-0.018
47,1,1,2.350,0.000
47,1,2,2.350,-0.398
47,1,3,2.350,-0.006
47,2,0,2.350,0.368
47,2,1,2.350,-0.398
47,2,2,2.350,0.000
47,2,3,2.350,-0.012
47,3,0,2.350,-0.009
47,3,1,2.350,-0.006
47,3,2,2.350,-0.012
47,3,3,2.350,0.000
48,0,0,2.400,0.000
48,0,1,2.400,-0.018
48,0,2,2.400,0.368
48,0,3,2.400,-0.009
48,1,0,2.400,-0.018
48,1,1,2.400,0.000
48,1,2,2.400,-0.398
48,1,3,2.400,-0.007
48,2,0,2.400,0.368
48,2,1,2.400,-0.398
48,2,2,2.400,0.000
48,2,3,2.400,-0.012
48,3,0,2.400,-0.009
48,3,1,2.400,-0.007
48,3,2,2.400,-0.012
48,3,3,2.400,0.000
49,0,0,2.450,0.000
49,0,1,2.450,-0.018
49,0,2,2.450,0.368
49,0,3,2.450,-0.009
49,1,0,2.450,-0.018
49,1,1,2.450,0.000
49,1,2,2.450,-0.398
49,1,3,2.450,-0.007
49,2,0,2.450,0.368
49,2,1,2.450,-0.398
49,2,2,2.450,0.000
49,2,3,2.450,-0.012
49,3,0,2.450,-0.009
49,3,1,2.450,-0.007
49,3,2,2.450,-0.012
49,3,3,2.450,0.000
50,0,0,2.500,0.000
50,0,1,2.500,-0.018
50,0,2,2.500,0.368
50,0,3,2.500,-0.009
50,1,0,2.500,-0.018
50,1,1,2.500,0.000
50,1,2,2.500,-0.398
50,1,3,2.500,-0.007
50,2,0,2.500,0.368
50,2,1,2.500,-0.398
50,2,2,2.500,0.000
50,2,3,2.500,-0.012
50,3,0,2.500,-0.009
50,3,1,2.500,-0.007
50,3,2,2.500,-0.012
50,3,3,2.500,0.000
51,0,0,2.550,0.000
51,0,1,2.550,-0.018
51,0,2,2.550,0.368
51,0,3,2.550,-0.009
51,1,0,2.550,-0.018
51,1,1,2.550,0.000
51,1,2,2.550,-0.398
51,1,3,2.550,-0.007
51,2,0,2.550,0.368
51,2,1,2.550,-0.398
51,2,2,2.550,0.000
51,2,3,2.550,-0.012
51,3,0,2.550,-0.009
51,3,1,2.550,-0.007
51,3,2,2.550,-0.012
51,3,3,2.550,0.000
52,0,0,2.600,0.000
52,0,1,2.600,-0.018
52,0,2,2.600,0.368
52,0,3,2.600,-0.009
52,1,0,2.600,-0.018
52,1,1,2.600,0.000
52,1,2,2.600,-0.398
52,1,3,2.600,-0.007
52,2,0,2.600,0.368
52,2,1,2.600,-0.398
52,2,2,2.600,0.000
52,2,3,2.600,-0.012
52,3,0,2.600,-0.009
52,3,1,2.600,-0.007
52,3,2,2.600,-0.012
52,3,3,2.600,0.000
53,0,0,2.650,0.000
53,0,1,2.650,-0.018
53,0,2,2.650,0.368
53,0,3,2.650,-0.009
53,1,0,2.650,-0.018
53,1,1,2.650,0.000
53,1,2,2.650,-0.398
53,1,3,2.650,-0.007
53,2,0,2.650,0.368
53,2,1,2.650,-0.398
53,2,2,2.650,0.000
53,2,3,2.650,-0.012
53,3,0,2.650,-0.009
53,3,1,2.650,-0.007
53,3,2,2.650,-0.012
53,3,3,2.650,0.000
54,0,0,2.700,0.000
54,0,1,2.700,-0.018
54,0,2,2.700,0.368
54,0,3,2.700,-0.008
54,1,0,2.700,-0.018
54,1,1,2.700,0.000
54,1,2,2.700,-0.398
54,1,3,2.700,-0.007
54,2,0,2.700,0.368
54,2,1,2.700,-0.398
54,2,2,2.700,0.000
54,2,3,2.700,-0.012
54,3,0,2.700,-0.008
54,3,1,2.700,-0.007
54,3,2,2.700,-0.012
54,3,3,2.700,0.000
55,0,0,2.750,0.000
55,0,1,2.750,-0.018
55,0,2,2.750,0.368
55,0,3,2.750,-0.008
55,1,0,2.750,-0.018
55,1,1,2.750,0.000
55,1,2,2.750,-0.398
55,1,3,2.750,-0.007
55,2,0,2.750,0.368
55,2,1,2.750,-0.398
55,2,2,2.750,0.000
55,2,3,2.750,-0.012
55,3,0,2.750,-0.008
55,3,1,2.750,-0.007
55,3,2,2.750,-0.012
55,3,3,2.750,0.000
56,0,0,2.800,0.000
56,0,1,2.800,-0.018
56,0,2,2.800,0.368
56,0,3,2.800,-0.008
56,1,0,2.800,-0.018
56,1,1,2.800,0.000
56,1,2,2.800,-0.398
56,1,3,2.800,-0.007
56,2,0,2.800,0.368
56,2,1,2.800,-0.398
56,2,2,2.800,0.000
56,2,3,2.800,-0.012
56,3,0,2.800,-0.008
56,3,1,2.800,-0.007
56,3,2,2.800,-0.012
56,3,3,2.800,0.000
57,0,0,2.850,0.000
57,0,1,2.850,-0.018
57,0,2,2.850,0.368
57,0,3,2.850,-0.008
57,1,0,2.850,-0.018
57,1,1,2.850,0.000
57,1,2,2.850,-0.398
57,1,3,2.850,-0.007
57,2,0,2.850,0.368
57,2,1,2.850,-0.398
57,2,2,2.850,0.000
57,2,3,2.850,-0.012
57,3,0,2.850,-0.008
57,3,1,2.850,-0.007
57,3,2,2.850,-0.012
57,3,3,2.850,0.000
58,0,0,2.900,0.000
58,0,1,2.900,-0.018
58,0,2,2.900,0.368
58,0,3,2.900,-0.008
58,1,0,2.900,-0.018
58,1,1,2.900,0.000
58,1,2,2.900,-0.398
58,1,3,2.900,-0.007
58,2,0,2.900,0.368
58,2,1,2.900,-0.398
58,2,2,2.900,0.000
58,2,3,2.900,-0.012
58,3,0,2.900,-0.008
58,3,1,2.900,-0.007
58,3,2,2.900,-0.012
58,3,3,2.900,0.000
59,0,0,2.950,0.000
59,0,1,2.950,-0.018
59,0,2,2.950,0.368
59,0,3,2.950,-0.008
59,1,0,2.950,-0.018
59,1,1,2.950,0.000
59,1,2,2.950,-0.398
59,1,3,2.950,-0.007
59,2,0,2.950,0.368
59,2,1,2.950,-0.398
59,2,2,2.950,0.000
59,2,3,2.950,-0.012
59,3,0,2.950,-0.008
59,3,1,2.950,-0.007
59,3,2,2.950,-0.012
59,3,3,2.950,0.000
60,0,0,3.000,0.000
60,0,1,3.000,-0.018
60,0,2,3.000,0.368
60,0,3,3.000,-0.008
60,1,0,3.000,-0.018
60,1,1,3.000,0.000
60,1,2,3.000,-0.398
60,1,3,3.000,-0.007
60,2,0,3.000,0.368
60,2,1,3.000,-0.398
60,2,2,3.000,0.000
60,2,3,3.000,-0.012
60,3,0,3.000,-0.008
60,3,1,3.000,-0.007
60,3,2,3.000,-0.012
60,3,3,3.000,0.000
61,0,0,3.050,0.000
61,0,1,3.050,-0.018
61,0,2,3.050,0.368
61,0,3,3.050,-0.008
61,1,0,3.050,-0.018
61,1,1,3.050,0.000
61,1,2,3.050,-0.398
61,1,3,3.050,-0.007
61,2,0,3.050,0.368
61,2,1,3.050,-0.398
61,2,2,3.050,0.000
61,2,3,3.050,-0.012
61,3,0,3.050,-0.008
61,3,1,3.050,-0.007
61,3,2,3.050,-0.012
61,3,3,3.050,0.000
62,0,0,3.100,0.000
62,0,1,3.100,-0.018
62,0,2,3.100,0.368
62,0,3,3.100,-0.008
62,1,0,3.100,-0.018
62,1,1,3.100,0.000
62,1,2,3.100,-0.398
62,1,3,3.100,-0.007
62,2,0,3.100,0.368
62,2,1,3.100,-0.398
62,2,2,3.100,0.000
62,2,3,3.100,-0.012
62,3,0,3.100,-0.008
62,3,1,3.100,-0.007
62,3,2,3.100,-0.012
62,3,3,3.100,0.000
63,0,0,3.150,0.000
63,0,1,3.150,-0.018
63,0,2,3.150,0.368
63,0,3,3.150,-0.008
63,1,0,3.150,-0.018
63,1,1,3.150,0.000
63,1,2,3.150,-0.398
63,1,3,3.150,-0.007
63,2,0,3.150,0.368
63,2,1,3.150,-0.398
63,2,2,3.150,0.000
63,2,3,3.150,-0.012
63,3,0,3.150,-0.008
63,3,1,3.150,-0.007
63,3,2,3.150,-0.012
63,3,3,3.150,0.000
64,0,0,3.200,0.000
64,0,1,3.200,-0.018
64,0,2,3.200,0.368
64,0,3,3.200,-0.008
64,1,0,3.200,-0.018
64,1,1,3.200,0.000
64,1,2,3.200,-0.398
64,1,3,3.200,-0.007
64,2,0,3.200,0.368
64,2,1,3.200,-0.398
64,2,2,3.200,0.000
64,2,3,3.200,-0.012
64,3,0,3.200,-0.008
64,3,1,3.200,-0.007
64,3,2,3.200,-0.012
64,3,3,3.200,0.000
65,0,0,3.250,0.000
65,0,1,3.250,-0.018
65,0,2,3.250,0.368
65,0,3,3.250,-0.008
65,1,0,3.250,-0.018
65,1,1,3.250,0.000
65,1,2,3.250,-0.398
65,1,3,3.250,-0.007
65,2,0,3.250,0.368
65,2,1,3.250,-0.398
65,2,2,3.250,0.000
65,2,3,3.250,-0.012
65,3,0,3.250,-0.008
65,3,1,3.250,-0.007
65,3,2,3.250,-0.012
65,3,3,3.250,0.000
66,0,0,3.300,0.000
66,0,1,3.300,-0.018
66,0,2,3.300,0.368
66,0,3,3.300,-0.008
66,1,0,3.300,-0.018
66,1,1,3.300,0.000
66,1,2,3.300,-0.398
66,1,3,3.300,-0.007
66,2,0,3.300,0.368
66,2,1,3.300,-0.398
66,2,2,3.300,0.000
66,2,3,3.300,-0.012
66,3,0,3.300,-0.008
66,3,1,3.300,-0.007
66,3,2,3.300,-0.012
66,3,3,3.300,0.000
67,0,0,3.350,0.000
67,0,1,3.350,-0.018
67,0,2,3.350,0.368
67,0,3,3.350,-0.008
67,1,0,3.350,-0.018
67,1,1,3.350,0.000
67,1,2,3.350,-0.398
67,1,3,3.350,-0.007
67,2,0,3.350,0.368
67,2,1,3.350,-0.398
67,2,2,3.350,0.000
67,2,3,3.350,-0.012
67,3,0,3.350,-0.008
67,3,1,3.350,-0.007
67,3,2,3.350,-0.012
67,3,3,3.350,0.000
68,0,0,3.400,0.000
68,0,1,3.400,-0.018
68,0,2,3.400,0.368
68,0,3,3.400,-0.008
68,1,0,3.400,-0.018
68,1,1,3.400,0.000
68,1,2,3.400,-0.398
68,1,3,3.400,-0.007
68,2,0,3.400,0.368
68,2,1,3.400,-0.398
68,2,2,3.400,0.000
68,2,3,3.400,-0.012
68,3,0,3.400,-0.008
68,3,1,3.400,-0.007
68,3,2,3.400,-0.012
68,3,3,3.400,0.000
69,0,0,3.450,0.000
69,0,1,3.450,-0.018
69,0,2,3.450,0.368
69,0,3,3.450,-0.008
69,1,0,3.450,-0.018
69,1,1,3.450,0.000
69,1,2,3.450,-0.398
69,1,3,3.450,-0.007
69,2,0,3.450,0.368
69,2,1,3.450,-0.398
69,2,2,3.450,0.000
69,2,3,3.450,-0.012
69,3,0,3.450,-0.008
69,3,1,3.450,-0.007
69,3,2,3.450,-0.012
69,3,3,3.450,0.000
70,0,0,3.500,0.000
70,0,1,3.500,-0.018
70,0,2,3.500,0.368
70,0,3,3.500,-0.008
70,1,0,3.500,-0.018
70,1,1,3.500,0.000
70,1,2,3.500,-0.398
70,1,3,3.500,-0.007
70,2,0,3.500,0.368
70,2,1,3.500,-0.398
70,2,2,3.500,0.000
70,2,3,3.500,-0.012
70,3,0,3.500,-0.008
70,3,1,3.500,-0.007
70,3,2,3.500,-0.012
70,3,3,3.500,0.000
71,0,0,3.550,0.000
71,0,1,3.550,-0.018
71,0,2,3.550,0.368
71,0,3,3.550,-0.008
71,1,0,3.550,-0.018
71,1,1,3.550,0.000
71,1,2,3.550,-0.398
71,1,3,3.550,-0.007
71,2,0,3.550,0.368
71,2,1,3.550,-0.398
71,2,2,3.550,0.000
71,2,3,3.550,-0.012
71,3,0,3.550,-0.008
71,3,1,3.550,-0.007
71,3,2,3.550,-0.012
71,3,3,3.550,0.000
72,0,0,3.600,0.000
72,0,1,3.600,-0.018
72,0,2,3.600,0.368
72,0,3,3.600,-0.008
72,1,0,3.600,-0.018
72,1,1,3.600,0.000
72,1,2,3.600,-0.398
72,1,3,3.600,-0.007
72,2,0,3.600,0.368
72,2,1,3.600,-0.398
72,2,2,3.600,0.000
72,2,3,3.600,-0.012
72,3,0,3.600,-0.008
72,3,1,3.600,-0.007
72,3,2,3.600,-0.012
72,3,3,3.600,0.000
73,0,0,3.650,0.000
73,0,1,3.650,-0.018
73,0,2,3.650,0.368
73,0,3,3.650,-0.008
73,1,0,3.650,-0.018
73,1,1,3.650,0.000
73,1,2,3.650,-0.398
73,1,3,3.650,-0.007
73,2,0,3.650,0.368
73,2,1,3.650,-0.398
73,2,2,3.650,0.000
73,2,3,3.650,-0.012
73,3,0,3.650,-0.008
73,3,1,3.650,-0.007
73,3,2,3.650,-0.012
73,3,3,3.650,0.000
74,0,0,3.700,0.000
74,0,1,3.700,-0.018
74,0,2,3.700,0.368
74,0,3,3.700,-0.008
74,1,0,3.700,-0.018
74,1,1,3.700,0.000
74,1,2,3.700,-0.398
74,1,3,3.700,-0.007
74,2,0,3.700,0.368
74,2,1,3.700,-0.398
74,2,2,3.700,0.000
74,2,3,3.700,-0.012
74,3,0,3.700,-0.008
74,3,1,3.700,-0.007
74,3,2,3.700,-0.012
74,3,3,3.700,0.000
75,0,0,3.750,0.000
75,0,1,3.750,-0.018
75,0,2,3.750,0.368
75,0,3,3.750,-0.008
75,1,0,3.750,-0.018
75,1,1,3.750,0.000
75,1,2,3.750,-0.398
75,1,3,3.750,-0.007
75,2,0,3.750,0.368
75,2,1,3.750,-0.398
75,2,2,3.750,0.000
75,2,3,3.750,-0.012
75,3,0,3.750,-0.008
75,3,1,3.750,-0.007
75,3,2,3.750,-0.012
75,3,3,3.750,0.000
76,0,0,3.800,0.000
76,0,1,3.800,-0.018
76,0,2,3.800,0.368
76,0,3,3.800,-0.008
76,1,0,3.800,-0.018
76,1,1,3.800,0.000
76,1,2,3.800,-0.398
76,1,3,3.800,-0.007
76,2,0,3.800,0.368
76,2,1,3.800,-0.398
76,2,2,3.800,0.000
76,2,3,3.800,-0.012
76,3,0,3.800,-0.008
76,3,1,3.800,-0.007
76,3,2,3.800,-0.012
76,3,3,3.800,0.000
77,0,0,3.850,0.000
77,0,1,3.850,-0.018
77,0,2,3.850,0.368
77,0,3,3.850,-0.008
77,1,0,3.850,-0.018
77,1,1,3.850,0.000
77,1,2,3.850,-0.398
77,1,3,3.850,-0.007
77,2,0,3.850,0.368
77,2,1,3.850,-0.398
77,2,2,3.850,0.000
77,2,3,3.850,-0.012
77,3,0,3.850,-0.008
77,3,1,3.850,-0.007
77,3,2,3.850,-0.012
77,3,3,3.850,0.000
78,0,0,3.900,0.000
78,0,1,3.900,-0.018
78,0,2,3.900,0.368
78,0,3,3.900,-0.008
78,1,0,3.900,-0.018
78,1,1,3.900,0.000
78,1,2,3.900,-0.398
78,1,3,3.900,-0.007
78,2,0,3.900,0.368
78,2,1,3.900,-0.398
78,2,2,3.900,0.000
78,2,3,3.900,-0.012
78,3,0,3.900,-0.008
78,3,1,3.900,-0.007
78,3,2,3.900,-0.012
78,3,3,3.900,0.000
79,0,0,3.950,0.000
79,0,1,3.950,-0.018
79,0,2,3.950,0.368
79,0,3,3.950,-0.008
79,1,0,3.950,-0.018
79,1,1,3.950,0.000
79,1,2,3.950,-0.398
79,1,3,3.950,-0.007
79,2,0,3.950,0.368
79,2,1,3.950,-0.398
79,2,2,3.950,0.000
79,2,3,3.950,-0.012
79,3,0,3.950,-0.008
79,3,1,3.950,-0.007
79,3,2,3.950,-0.012
79,3,3,3.950,0.000
80,0,0,4.000,0.000
80,0,1,4.000,-0.018
80,0,2,4.000,0.368
80,0,3,4.000,-0.008
80,1,0,4.000,-0.018
80,1,1,4.000,0.000
80,1,2,4.000,-0.398
80,1,3,4.000,-0.007
80,2,0,4.000,0.368
80,2,1,4.000,-0.398
80,2,2,4.000,0.000
80,2,3,4.000,-0.012
80,3,0,4.000,-0.008
80,3,1,4.000,-0.007
80,3,2,4.000,-0.012
80,3,3,4.000,0.000
81,0,0,4.050,0.000
81,0,1,4.050,-0.018
81,0,2,4.050,0.368
81,0,3,4.050,-0.008
81,1,0,4.050,-0.018
81,1,1,4.050,0.000
81,1,2,4.050,-0.398
81,1,3,4.050,-0.007
81,2,0,4.050,0.368
81,2,1,4.050,-0.398
81,2,2,4.050,0.000
81,2,3,4.050,-0.012
81,3,0,4.050,-0.008
81,3,1,4.050,-0.007
81,3,2,4.050,-0.012
81,3,3,4.050,0.000
82,0,0,4.100,0.000
82,0,1,4.100,-0.018
82,0,2,4.100,0.368
82,0,3,4.100,-0.008
82,1,0,4.100,-0.018
82,1,1,4.100,0.000
82,1,2,4.100,-0.398
82,1,3,4.100,-0.007
82,2,0,4.100,0.368
82,2,1,4.100,-0.398
82,2,2,4.100,0.000
82,2,3,4.100,-0.012
82,3,0,4.100,-0.008
82,3,1,4.100,-0.007
82,3,2,4.100,-0.012
82,3,3,4.100,0.000
83,0,0,4.150,0.000
83,0,1,4.150,-0.018
83,0,2,4.150,0.368
83,0,3,4.150,-0.008
83,1,0,4.150,-0.018
83,1,1,4.150,0.000
83,1,2,4.150,-0.398
83,1,3,4.150,-0.007
83,2,0,4.150,0.368
83,2,1,4.150,-0.398
83,2,2,4.150,0.000
83,2,3,4.150,-0.012
83,3,0,4.150,-0.008
83,3,1,4.150,-0.007
83,3,2,4.150,-0.012
83,3,3,4.150,0.000
84,0,0,4.200,0.000
84,0,1,4.200,-0.018
84,0,2,4.200,0.368
84,0,3,4.200,-0.008
84,1,0,4.200,-0.018
84,1,1,4.200,0.000
84,1,2,4.200,-0.398
84,1,3,4.200,-0.007
84,2,0,4.200,0.368
84,2,1,4.200,-0.398
84,2,2,4.200,0.000
84,2,3,4.200,-0.012
84,3,0,4.200,-0.008
84,3,1,4.200,-0.007
84,3,2,4.200,-0.012
84,3,3,4.200,0.000
85,0,0,4.250,0.000
85,0,1,4.250,-0.018
85,0,2,4.250,0.368
85,0,3,4.250,-0.008
85,1,0,4.250,-0.018
85,1,1,4.250,0.000
85,1,2,4.250,-0.398
85,1,3,4.250,-0.007
85,2,0,4.250,0.368
85,2,1,4.250,-0.398
85,2,2,4.250,0.000
85,2,3,4.250,-0.012
85,3,0,4.250,-0.008
85,3,1,4.250,-0.007
85,3,2,4.250,-0.012
85,3,3,4.250,0.000
86,0,0,4.300,0.000
86,0,1,4.300,-0.018
86,0,2,4.300,0.368
86,0,3,4.300,-0.008
86,1,0,4.300,-0.018
86,1,1,4.300,0.000
86,1,2,4.300,-0.398
86,1,3,4.300,-0.007
86,2,0,4.300,0.368
86,2,1,4.300,-0.398
86,2,2,4.300,0.000
86,2,3,4.300,-0.012
86,3,0,4.300,-0.008
86,3,1,4.300,-0.007
86,3,2,4.300,-0.012
86,3,3,4.300,0.000
87,0,0,4.350,0.000
87,0,1,4.350,-0.018
87,0,2,4.350,0.368
87,0,3,4.350,-0.008
87,1,0,4.350,-0.018
87,1,1,4.350,0.000
87,1,2,4.350,-0.398
87,1,3,4.350,-0.007
87,2,0,4.350,0.368
87,2,1,4.350,-0.398
87,2,2,4.350,0.000
87,2,3,4.350,-0.012
87,3,0,4.350,-0.008
87,3,1,4.350,-0.007
87,3,2,4.350,-0.012
87,3,3,4.350,0.000
88,0,0,4.400,0.000
88,0,1,4.400,-0.018
88,0,2,4.400,0.368
88,0,3,4.400,-0.008
88,1,0,4.400,-0.018
88,1,1,4.400,0.000
88,1,2,4.400,-0.398
88,1,3,4.400,-0.007
88,2,0,4.400,0.368
88,2,1,4.400,-0.398
88,2,2,4.400,0.000
88,2,3,4.400,-0.012
88,3,0,4.400,-0.008
88,3,1,4.400,-0.007
88,3,2,4.400,-0.012
88,3,3,4.400,0.000
89,0,0,4.450,0.000
89,0,1,4.450,-0.018
89,0,2,4.450,0.368
89,0,3,4.450,-0.008
89,1,0,4.450,-0.018
89,1,1,4.450,0.000
89,1,2,4.450,-0.398
89,1,3,4.450,-0.007
89,2,0,4.450,0.368
89,2,1,4.450,-0.398
89,2,2,4.450,0.000
89,2,3,4.450,-0.012
89,3,0,4.450,-0.008
89,3,1,4.450,-0.007
89,3,2,4.450,-0.012
89,3,3,4.450,0.000
90,0,0,4.500,0.000
90,0,1,4.500,-0.018
90,0,2,4.500,0.368
90,0,3,4.500,-0.008
90,1,0,4.500,-0.018
90,1,1,4.500,0.000
90,1,2,4.500,-0.398
90,1,3,4.500,-0.007
90,2,0,4.500,0.368
90,2,1,4.500,-0.398
90,2,2,4.500,0.000
90,2,3,4.500,-0.012
90,3,0,4.500,-0.008
90,3,1,4.500,-0.007
90,3,2,4.500,-0.012
90,3,3,4.500,0.000
91,0,0,4.550,0.000
91,0,1,4.550,-0.018
91,0,2,4.550,0.368
91,0,3,4.550,-0.008
91,1,0,4.550,-0.018
91,1,1,4.550,0.000
91,1,2,4.550,-0.398
91,1,3,4.550,-0.007
91,2,0,4.550,0.368
91,2,1,4.550,-0.398
91,2,2,4.550,0.000
91,2,3,4.550,-0.012
91,3,0,4.550,-0.008
91,3,1,4.550,-0.007
91,3,2,4.550,-0.012
91,3,3,4.550,0.000
92,0,0,4.600,0.000
92,0,1,4.600,-0.018
92,0,2,4.600,0.368
92,0,3,4.600,-0.008
92,1,0,4.600,-0.018
92,1,1,4.600,0.000
92,1,2,4.600,-0.398
92,1,3,4.600,-0.007
92,2,0,4.600,0.368
92,2,1,4.600,-0.398
92,2,2,4.600,0.000
92,2,3,4.600,-0.012
92,3,0,4.600,-0.008
92,3,1,4.600,-0.007
92,3,2,4.600,-0.012
92,3,3,4.600,0.000
93,0,0,4.650,0.000
93,0,1,4.650,-0.018
93,0,2,4.650,0.368
93,0,3,4.650,-0.008
93,1,0,4.650,-0.018
93,1,1,4.650,0.000
93,1,2,4.650,-0.398
93,1,3,4.650,-0.007
93,2,0,4.650,0.368
93,2,1,4.650,-0.398
93,2,2,4.650,0.000
93,2,3,4.650,-0.012
93,3,0,4.650,-0.008
93,3,1,4.650,-0.007
93,3,2,4.650,-0.012
93,3,3,4.650,0.000
94,0,0,4.700,0.000
94,0,1,4.700,-0.018
94,0,2,4.700,0.368
94,0,3,4.700,-0.008
94,1,0,4.700,-0.018
94,1,1,4.700,0.000
94,1,2,4.700,-0.398
94,1,3,4.700,-0.007
94,2,0,4.700,0.368
94,2,1,4.700,-0.398
94,2,2,4.700,0.000
94,2,3,4.700,-0.012
94,3,0,4.700,-0.008
94,3,1,4.700,-0.007
94,3,2,4.700,-0.012
94,3,3,4.700,0.000
95,0,0,4.750,0.000
95,0,1,4.750,-0.018
95,0,2,4.750,0.368
95,0,3,4.750,-0.008
95,1,0,4.750,-0.018
95,1,1,4.750,0.000
95,1,2,4.750,-0.398
95,1,3,4.750,-0.007
95,2,0,4.750,0.368
95,2,1,4.750,-0.398
95,2,2,4.750,0.000
95,2,3,4.750,-0.012
95,3,0,4.750,-0.008
95,3,1,4.750,-0.007
95,3,2,4.750,-0.012
95,3,3,4.750,0.000
96,0,0,4.800,0.000
96,0,1,4.800,-0.018
96,0,2,4.800,0.368
96,0,3,4.800,-0.008
96,1,0,4.800,-0.018
96,1,1,4.800,0.000
96,1,2,4.800,-0.398
96,1,3,4.800,-0.007
96,2,0,4.800,0.368
96,2,1,4.800,-0.398
96,2,2,4.800,0.000
96,2,3,4.800,-0.012
96,3,0,4.800,-0.008
96,3,1,4.800,-0.007
96,3,2,4.800,-0.012
96,3,3,4.800,0.000
97,0,0,4.850,0.000
97,0,1,4.850,-0.018
97,0,2,4.850,0.368
97,0,3,4.850,-0.008
97,1,0,4.850,-0.018
97,1,1,4.850,0.000
97,1,2,4.850,-0.398
97,1,3,4.850,-0.007
97,2,0,4.850,0.368
97,2,1,4.850,-0.398
97,2,2,4.850,0.000
97,2,3,4.850,-0.012
97,3,0,4.850,-0.008
97,3,1,4.850,-0.007
97,3,2,4.850,-0.012
97,3,3,4.850,0.000
98,0,0,4.900,0.000
98,0,1,4.900,-0.018
98,0,2,4.900,0.368
98,0,3,4.900,-0.008
98,1,0,4.900,-0.018
98,1,1,4.900,0.000
98,1,2,4.900,-0.398
98,1,3,4.900,-0.007
98,2,0,4.900,0.368
98,2,1,4.900,-0.398
98,2,2,4.900,0.000
98,2,3,4.900,-0.012
98,3,0,4.900,-0.008
98,3,1,4.900,-0.007
98,3,2,4.900,-0.012
98,3,3,4.900,0.000
99,0,0,4.950,0.000
99,0,1,4.950,-0.018
99,0,2,4.950,0.368
99,0,3,4.950,-0.008
99,1,0,4.950,-0.018
99,1,1,4.950,0.000
99,1,2,4.950,-0.398
99,1,3,4.950,-0.007
99,2,0,4.950,0.368
99,2,1,4.950,-0.398
99,2,2,4.950,0.000
99,2,3,4.950,-0.012
99,3,0,4.950,-0.008
99,3,1,4.950,-0.007
99,3,2,4.950,-0.012
99,3,3,4.950,0.000
100,0,0,5.000,0.000
100,0,1,5.000,-0.018
100,0,2,5.000,0.368
100,0,3,5.000,-0.008
100,1,0,5.000,-0.018
100,1,1,5.000,0.000
100,1,2,5.000,-0.398
100,1,3,5.000,-0.007
100,2,0,5.000,0.368
100,2,1,5.000,-0.398
100,2,2,5.000,0.000
100,2,3,5.000,-0.012
100,3,0,5.000,-0.008
100,3,1,5.000,-0.007
100,3,2,5.000,-0.012
100,3,3,5.000,0.000
101,0,0,5.050,0.000
101,0,1,5.050,-0.018
101,0,2,5.050,0.368
101,0,3,5.050,-0.008
101,1,0,5.050,-0.018
101,1,1,5.050,0.000
101,1,2,5.050,-0.398
101,1,3,5.050,-0.007
101,2,0,5.050,0.368
101,2,1,5.050,-0.398
101,2,2,5.050,0.000
101,2,3,5.050,-0.012
101,3,0,5.050,-0.008
101,3,1,5.050,-0.007
101,3,2,5.050,-0.012
101,3,3,5.050,0.000
102,0,0,5.100,0.000
102,0,1,5.100,-0.018
102,0,2,5.100,0.368
102,0,3,5.100,-0.008
102,1,0,5.100,-0.018
102,1,1,5.100,0.000
102,1,2,5.100,-0.398
102,1,3,5.100,-0.007
102,2,0,5.100,0.368
102,2,1,5.100,-0.398
102,2,2,5.100,0.000
102,2,3,5.100,-0.012
102,3,0,5.100,-0.008
102,3,1,5.100,-0.007
102,3,2,5.100,-0.012
102,3,3,5.100,0.000
103,0,0,5.150,0.000
103,0,1,5.150,-0.018
103,0,2,5.150,0.368
103,0,3,5.150,-0.008
103,1,0,5.150,-0.018
103,1,1,5.150,0.000
103,1,2,5.150,-0.398
103,1,3,5.150,-0.007
103,2,0,5.150,0.368
103,2,1,5.150,-0.398
103,2,2,5.150,0.000
103,2,3,5.150,-0.012
103,3,0,5.150,-0.008
103,3,1,5.150,-0.007
103,3,2,5.150,-0.012
103,3,3,5.150,0.000
104,0,0,5.200,0.000
104,0,1,5.200,-0.018
104,0,2,5.200,0.368
104,0,3,5.200,-0.008
104,1,0,5.200,-0.018
104,1,1,5.200,0.000
104,1,2,5.200,-0.398
104,1,3,5.200,-0.007
104,2,0,5.200,0.368
104,2,1,5.200,-0.398
104,2,2,5.200,0.000
104,2,3,5.200,-0.012
104,3,0,5.200,-0.008
104,3,1,5.200,-0.007
104,3,2,5.200,-0.012
104,3,3,5.200,0.000
105,0,0,5.250,0.000
105,0,1,5.250,-0.018
105,0,2,5.250,0.368
105,0,3,5.250,-0.008
105,1,0,5.250,-0.018
105,1,1,5.250,0.000
105,1,2,5.250,-0.398
105,1,3,5.250,-0.007
105,2,0,5.250,0.368
105,2,1,5.250,-0.398
105,2,2,5.250,0.000
105,2,3,5.250,-0.012
105,3,0,5.250,-0.008
105,3,1,5.250,-0.007
105,3,2,5.250,-0.012
105,3,3,5.250,0.000
106,0,0,5.300,0.000
106,0,1,5.300,-0.018
106,0,2,5.300,0.368
106,0,3,5.300,-0.008
106,1,0,5.300,-0.018
106,1,1,5.300,0.000
106,1,2,5.300,-0.398
106,1,3,5.300,-0.007
106,2,0,5.300,0.368
106,2,1,5.300,-0.398
106,2,2,5.300,0.000
106,2,3,5.300,-0.012
106,3,0,5.300,-0.008
106,3,1,5.300,-0.007
106,3,2,5.300,-0.012
106,3,3,5.300,0.000
107,0,0,5.350,0.000
107,0,1,5.350,-0.018
107,0,2,5.350,0.368
107,0,3,5.350,-0.008
107,1,0,5.350,-0.018
107,1,1,5.350,0.000
107,1,2,5.350,-0.398
107,1,3,5.350,-0.007
107,2,0,5.350,0.368
107,2,1,5.350,-0.398
107,2,2,5.350,0.000
107,2,3,5.350,-0.012
107,3,0,5.350,-0.008
107,3,1,5.350,-0.007
107,3,2,5.350,-0.012
107,3,3,5.350,0.000
108,0,0,5.400,0.000
108,0,1,5.400,-0.018
108,0,2,5.400,0.368
108,0,3,5.400,-0.008
108,1,0,5.400,-0.018
108,1,1,5.400,0.000
108,1,2,5.400,-0.398
108,1,3,5.400,-0.007
108,2,0,5.400,0.368
108,2,1,5.400,-0.398
108,2,2,5.400,0.000
108,2,3,5.400,-0.012
108,3,0,5.400,-0.008
108,3,1,5.400,-0.007
108,3,2,5.400,-0.012
108,3,3,5.400,0.000
109,0,0,5.450,0.000
109,0,1,5.450,-0.018
109,0,2,5.450,0.368
109,0,3,5.450,-0.008
109,1,0,5.450,-0.018
109,1,1,5.450,0.000
109,1,2,5.450,-0.398
109,1,3,5.450,-0.007
109,2,0,5.450,0.368
109,2,1,5.450,-0.398
109,2,2,5.450,0.000
109,2,3,5.450,-0.012
109,3,0,5.450,-0.008
109,3,1,5.450,-0.007
109,3,2,5.450,-0.012
109,3,3,5.450,0.000
110,0,0,5.500,0.000
110,0,1,5.500,-0.018
110,0,2,5.500,0.368
110,0,3,5.500,-0.008
110,1,0,5.500,-0.018
110,1,1,5.500,0.000
110,1,2,5.500,-0.398
110,1,3,5.500,-0.007
110,2,0,5.500,0.368
110,2,1,5.500,-0.398
110,2,2,5.500,0.000
110,2,3,5.500,-0.012
110,3,0,5.500,-0.008
110,3,1,5.500,-0.007
110,3,2,5.500,-0.012
110,3,3,5.500,0.000
111,0,0,5.550,0.000
111,0,1,5.550,-0.018
111,0,2,5.550,0.368
111,0,3,5.550,-0.008
111,1,0,5.550,-0.018
111,1,1,5.550,0.000
111,1,2,5.550,-0.398
111,1,3,5.550,-0.007
111,2,0,5.550,0.368
111,2,1,5.550,-0.398
111,2,2,5.550,0.000
111,2,3,5.550,-0.012
111,3,0,5.550,-0.008
111,3,1,5.550,-0.007
111,3,2,5.550,-0.012
111,3,3,5.550,0.000
112,0,0,5.600,0.000
112,0,1,5.600,-0.018
112,0,2,5.600,0.368
112,0,3,5.600,-0.008
112,1,0,5.600,-0.018
112,1,1,5.600,0.000
112,1,2,5.600,-0.398
112,1,3,5.600,-0.007
112,2,0,5.600,0.368
112,2,1,5.600,-0.398
112,2,2,5.600,0.000
112,2,3,5.600,-0.012
112,3,0,5.600,-0.008
112,3,1,5.600,-0.007
112,3,2,5.600,-0.012
112,3,3,5.600,0.000
113,0,0,5.650,0.000
113,0,1,5.650,-0.018
113,0,2,5.650,0.368
113,0,3,5.650,-0.008
113,1,0,5.650,-0.018
113,1,1,5.650,0.000
113,1,2,5.650,-0.398
113,1,3,5.650,-0.007
113,2,0,5.650,0.368
113,2,1,5.650,-0.398
113,2,2,5.650,0.000
113,2,3,5.650,-0.012
113,3,0,5.650,-0.008
113,3,1,5.650,-0.007
113,3,2,5.650,-0.012
113,3,3,5.650,0.000
114,0,0,5.700,0.000
114,0,1,5.700,-0.018
114,0,2,5.700,0.368
114,0,3,5.700,-0.008
114,1,0,5.700,-0.018
114,1,1,5.700,0.000
114,1,2,5.700,-0.398
114,1,3,5.700,-0.007
114,2,0,5.700,0.368
114,2,1,5.700,-0.398
114,2,2,5.700,0.000
114,2,3,5.700,-0.012
114,3,0,5.700,-0.008
114,3,1,5.700,-0.007
114,3,2,5.700,-0.012
114,3,3,5.700,0.000
115,0,0,5.750,0.000
115,0,1,5.750,-0.018
115,0,2,5.750,0.368
115,0,3,5.750,-0.008
115,1,0,5.750,-0.018
115,1,1,5.750,0.000
115,1,2,5.750,-0.398
115,1,3,5.750,-0.007
115,2,0,5.750,0.368
115,2,1,5.750,-0.398
115,2,2,5.750,0.000
115,2,3,5.750,-0.012
115,3,0,5.750,-0.008
115,3,1,5.750,-0.007
115,3,2,5.750,-0.012
115,3,3,5.750,0.000
116,0,0,5.800,0.000
116,0,1,5.800,-0.018
116,0,2,5.800,0.368
116,0,3,5.800,-0.008
116,1,0,5.800,-0.018
116,1,1,5.800,0.000
116,1,2,5.800,-0.398
116,1,3,5.800,-0.007
116,2,0,5.800,0.368
116,2,1,5.800,-0.398
116,2,2,5.800,0.000
116,2,3,5.800,-0.012
116,3,0,5.800,-0.008
116,3,1,5.800,-0.007
116,3,2,5.800,-0.012
116,3,3,5.800,0.000
117,0,0,5.850,0.000
117,0,1,5.850,-0.018
117,0,2,5.850,0.368
117,0,3,5.850,-0.008
117,1,0,5.850,-0.018
117,1,1,5.850,0.000
117,1,2,5.850,-0.398
117,1,3,5.850,-0.007
117,2,0,5.850,0.368
117,2,1,5.850,-0.398
117,2,2,5.850,0.000
117,2,3,5.850,-0.012
117,3,0,5.850,-0.008
117,3,1,5.850,-0.007
117,3,2,5.850,-0.012
117,3,3,5.850,0.000
118,0,0,5.900,0.000
118,0,1,5.900,-0.018
118,0,2,5.900,0.368
118,0,3,5.900,-0.008
118,1,0,5.900,-0.018
118,1,1,5.900,0.000
118,1,2,5.900,-0.398
118,1,3,5.900,-0.007
118,2,0,5.900,0.368
118,2,1,5.900,-0.398
118,2,2,5.900,0.000
118,2,3,5.900,-0.012
118,3,0,5.900,-0.008
118,3,1,5.900,-0.007
118,3,2,5.900,-0.012
118,3,3,5.900,0.000
119,0,0,5.950,0.000
119,0,1,5.950,-0.018
119,0,2,5.950,0.368
119,0,3,5.950,-0.008
119,1,0,5.950,-0.018
119,1,1,5.950,0.000
119,1,2,5.950,-0.398
119,1,3,5.950,-0.007
119,2,0,5.950,0.368
119,2,1,5.950,-0.398
119,2,2,5.950,0.000
119,2,3,5.950,-0.012
119,3,0,5.950,-0.008
119,3,1,5.950,-0.007
119,3,2,5.950,-0.012
119,3,3,5.950,0.000
120,0,0,6.000,0.000
120,0,1,6.000,-0.018
120,0,2,6.000,0.368
120,0,3,6.000,-0.008
120,1,0,6.000,-0.018
120,1,1,6.000,0.000
120,1,2,6.000,-0.398
120,1,3,6.000,-0.007
120,2,0,6.000,0.368
120,2,1,6.000,-0.398
120,2,2,6.000,0.000
120,2,3,6.000,-0.012
120,3,0,6.000,-0.008
120,3,1,6.000,-0.007
120,3,2,6.000,-0.012
120,3,3,6.000,0.000
