158,4,time,val
0,0,0,0.000,0.0000000000000000
0,0,1,0.000,0.1000000000000000
0,0,2,0.000,-0.0000000000000000
0,0,3,0.000,-0.0000000000000000
0,1,0,0.000,0.1000000000000000
0,1,1,0.000,0.0000000000000000
0,1,2,0.000,0.1000000000000000
0,1,3,0.000,-0.0000000000000000
0,2,0,0.000,-0.0000000000000000
0,2,1,0.000,0.1000000000000000
0,2,2,0.000,0.0000000000000000
0,2,3,0.000,0.1000000000000000
0,3,0,0.000,-0.0000000000000000
0,3,1,0.000,-0.0000000000000000
0,3,2,0.000,0.1000000000000000
0,3,3,0.000,0.0000000000000000
1,0,0,0.000,0.0000000000000000
1,0,1,0.000,0.1000799956949930
1,0,2,0.000,-0.0001599725322929
1,0,3,0.000,-0.0000000000000000
1,1,0,0.000,0.1000799956949930
1,1,1,0.000,0.0000000000000000
1,1,2,0.000,0.1001599754847600
1,1,3,0.000,-0.0001599903789233
1,2,0,0.000,-0.0001599725322929
1,2,1,0.000,0.1001599754847600
1,2,2,0.000,0.0000000000000000
1,2,3,0.000,0.1000799917342852
1,3,0,0.000,-0.0000000000000000
1,3,1,0.000,-0.0001599903789233
1,3,2,0.000,0.1000799917342852
1,3,3,0.000,0.0000000000000000
2,0,0,0.000,0.0000000000000000
2,0,1,0.000,0.1002002446889457
2,0,2,0.000,-0.0004005984985271
2,0,3,0.000,-0.0000000000000000
2,1,0,0.000,0.1002002446889457
2,1,1,0.000,0.0000000000000000
2,1,2,0.000,0.1004005312986714
2,1,3,0.000,-0.0004007766506070
2,2,0,0.000,-0.0004005984985271
2,2,1,0.000,0.1004005312986714
2,2,2,0.000,0.0000000000000000
2,2,3,0.000,0.1002002154484931
2,3,0,0.000,-0.0000000000000000
2,3,1,0.000,-0.0004007766506070
2,3,2,0.000,0.1002002154484931
2,3,3,0.000,0.0000000000000000
3,0,0,0.000,0.0000000000000000
3,0,1,0.000,0.1003811940569262
3,0,2,0.000,-0.0007630410652097
3,0,3,0.000,-0.0000000000000000
3,1,0,0.000,0.1003811940569262
3,1,1,0.000,0.0000000000000000
3,1,2,0.000,0.1007627009736457
3,1,3,0.000,-0.0007637617041581
3,2,0,0.000,-0.0007630410652097
3,2,1,0.000,0.1007627009736457
3,2,2,0.000,0.0000000000000000
3,2,3,0.000,0.1003810833535652
3,3,0,0.000,-0.0000000000000000
3,3,1,0.000,-0.0007637617041581
3,3,2,0.000,0.1003810833535652
3,3,3,0.000,0.0000000000000000
4,0,0,0.001,0.0000000000000000
4,0,1,0.001,0.1006539175824536
4,0,2,0.001,-0.0013100964509171
4,0,3,0.001,0.0000041133081894
4,1,0,0.001,0.1006539175824536
4,1,1,0.001,0.0000000000000000
4,1,2,0.001,0.1013089702765709
4,1,3,0.001,-0.0013123157021984
4,2,0,0.001,-0.0013100964509171
4,2,1,0.001,0.1013089702765709
4,2,2,0.001,0.0000000000000000
4,2,3,0.001,0.1006535866006710
4,3,0,0.001,0.0000041133081894
4,3,1,0.001,-0.0013123157021984
4,3,2,0.001,0.1006535866006710
4,3,3,0.001,0.0000000000000000
5,0,0,0.001,0.0000000000000000
5,0,1,0.001,0.1010659393414070
5,0,2,0.001,-0.0021383554400106
5,0,3,0.001,0.0000147287900505
5,1,0,0.001,0.1010659393414070
5,1,1,0.001,0.0000000000000000
5,1,2,0.001,0.1021351875479667
5,1,3,0.001,-0.0021443814686369
5,2,0,0.001,-0.0021383554400106
5,2,1,0.001,0.1021351875479667
5,2,2,0.001,0.0000000000000000
5,2,3,0.001,0.1010650568439926
5,3,0,0.001,0.0000147287900505
5,3,1,0.001,-0.0021443814686369
5,3,2,0.001,0.1010650568439926
5,3,3,0.001,0.0000000000000000
6,0,0,0.002,0.0000000000000000
6,0,1,0.002,0.1016906218409758
6,0,2,0.002,-0.0033981373503214
6,0,3,0.002,0.0000407405543892
6,1,0,0.002,0.1016906218409758
6,1,1,0.002,0.0000000000000000
6,1,2,0.002,0.1033899451099148
6,1,3,0.002,-0.0034134075914786
6,2,0,0.002,-0.0033981373503214
6,2,1,0.002,0.1033899451099148
6,2,2,0.002,0.0000000000000000
6,2,3,0.002,0.1016884130512896
6,3,0,0.002,0.0000407405543892
6,3,1,0.002,-0.0034134075914786
6,3,2,0.002,0.1016884130512896
6,3,3,0.002,0.0000000000000000
7,0,0,0.003,0.0000000000000000
7,0,1,0.003,0.1026427524232749
7,0,2,0.003,-0.0053273598539391
7,0,3,0.003,0.0001028133054369
7,1,0,0.003,0.1026427524232749
7,1,1,0.003,0.0000000000000000
7,1,2,0.003,0.1053071466203702
7,1,3,0.003,-0.0053646018554075
7,2,0,0.003,-0.0053273598539391
7,2,1,0.003,0.1053071466203702
7,2,2,0.003,0.0000000000000000
7,2,3,0.003,0.1026374249750339
7,3,0,0.003,0.0001028133054369
7,3,1,0.003,-0.0053646018554075
7,3,2,0.003,0.1026374249750339
7,3,3,0.003,0.0000000000000000
8,0,0,0.005,0.0000000000000000
8,0,1,0.005,0.1041054277505054
8,0,2,0.005,-0.0083115543588632
8,0,3,0.005,0.0002489644395668
8,1,0,0.005,0.1041054277505054
8,1,1,0.005,0.0000000000000000
8,1,2,0.005,0.1082630108652810
8,1,3,0.005,-0.0084005274004589
8,2,0,0.005,-0.0083115543588632
8,2,1,0.005,0.1082630108652810
8,2,2,0.005,0.0000000000000000
8,2,3,0.005,0.1040928543187382
8,3,0,0.005,0.0002489644395668
8,3,1,0.005,-0.0084005274004589
8,3,2,0.005,0.1040928543187382
8,3,3,0.005,0.0000000000000000
9,0,0,0.007,0.0000000000000000
9,0,1,0.007,0.1063786737911789
9,0,2,0.007,-0.0129958654564723
9,0,3,0.007,0.0005915024064476
9,1,0,0.007,0.1063786737911789
9,1,1,0.007,0.0000000000000000
9,1,2,0.007,0.1128809016041364
9,1,3,0.007,-0.0132063676753688
9,2,0,0.007,-0.0129958654564723
9,2,1,0.007,0.1128809016041364
9,2,2,0.007,0.0000000000000000
9,2,3,0.007,0.1063493309448476
9,3,0,0.007,0.0005915024064476
9,3,1,0.007,-0.0132063676753688
9,3,2,0.007,0.1063493309448476
9,3,3,0.007,0.0000000000000000
10,0,0,0.011,0.0000000000000000
10,0,1,0.011,0.1099724179054831
10,0,2,0.011,-0.0205063232749802
10,0,3,0.011,0.0013959493035394
10,1,0,0.011,0.1099724179054831
10,1,1,0.011,0.0000000000000000
10,1,2,0.011,0.1202354055887530
10,1,3,0.011,-0.0210033261793892
10,2,0,0.011,-0.0205063232749802
10,2,1,0.011,0.1202354055887530
10,2,2,0.011,0.0000000000000000
10,2,3,0.011,0.1099040522713632
10,3,0,0.011,0.0013959493035394
10,3,1,0.011,-0.0210033261793892
10,3,2,0.011,0.1099040522713632
10,3,3,0.011,0.0000000000000000
11,0,0,0.017,0.0000000000000000
11,0,1,0.017,0.1157957258447318
11,0,2,0.017,-0.0329150558608716
11,0,3,0.017,0.0032998130128960
11,1,0,0.017,0.1157957258447318
11,1,1,0.017,0.0000000000000000
11,1,2,0.017,0.1322753332288062
11,1,3,0.017,-0.0340921614568087
11,2,0,0.017,-0.0329150558608716
11,2,1,0.017,0.1322753332288062
11,2,2,0.017,0.0000000000000000
11,2,3,0.017,0.1156345208460157
11,3,0,0.017,0.0032998130128960
11,3,1,0.017,-0.0340921614568087
11,3,2,0.017,0.1156345208460157
11,3,3,0.017,0.0000000000000000
12,0,0,0.026,0.0000000000000000
12,0,1,0.026,0.1255685238927172
12,0,2,0.026,-0.0542832691513583
12,0,3,0.026,0.0078618584093642
12,1,0,0.026,0.1255685238927172
12,1,1,0.026,0.0000000000000000
12,1,2,0.026,0.1527608051344235
12,1,3,0.026,-0.0570829513689297
12,2,0,0.026,-0.0542832691513583
12,2,1,0.026,0.1527608051344235
12,2,2,0.026,0.0000000000000000
12,2,3,0.026,0.1251732086985524
12,3,0,0.026,0.0078618584093642
12,3,1,0.026,-0.0570829513689297
12,3,2,0.026,0.1251732086985524
12,3,3,0.026,0.0000000000000000
13,0,0,0.039,0.0000000000000000
13,0,1,0.039,0.1427805292713864
13,0,2,0.039,-0.0931536463367642
13,0,3,0.039,0.0189496467123939
13,1,0,0.039,0.1427805292713864
13,1,1,0.039,0.0000000000000000
13,1,2,0.039,0.1894847942347305
13,1,3,0.039,-0.0997734248868978
13,2,0,0.039,-0.0931536463367642
13,2,1,0.039,0.1894847942347305
13,2,2,0.039,0.0000000000000000
13,2,3,0.039,0.1417102766199205
13,3,0,0.039,0.0189496467123939
13,3,1,0.039,-0.0997734248868978
13,3,2,0.039,0.1417102766199205
13,3,3,0.039,0.0000000000000000
14,0,0,0.047,0.0000000000000000
14,0,1,0.047,0.1562510045941499
14,0,2,0.047,-0.1250555883095965
14,0,3,0.047,0.0305548840806397
14,1,0,0.047,0.1562510045941499
14,1,1,0.047,0.0000000000000000
14,1,2,0.047,0.2190580366889041
14,1,3,0.047,-0.1351966261728351
14,2,0,0.047,-0.1250555883095965
14,2,1,0.047,0.2190580366889041
14,2,2,0.047,0.0000000000000000
14,2,3,0.047,0.1543864647335071
14,3,0,0.047,0.0305548840806397
14,3,1,0.047,-0.1351966261728351
14,3,2,0.047,0.1543864647335071
14,3,3,0.047,0.0000000000000000
15,0,0,0.055,0.0000000000000000
15,0,1,0.055,0.1719921497455264
15,0,2,0.055,-0.1633408664507630
15,0,3,0.055,0.0458869039770812
15,1,0,0.055,0.1719921497455264
15,1,1,0.055,0.0000000000000000
15,1,2,0.055,0.2541564564127589
15,1,3,0.055,-0.1774821653429743
15,2,0,0.055,-0.1633408664507630
15,2,1,0.055,0.2541564564127589
15,2,2,0.055,0.0000000000000000
15,2,3,0.055,0.1687856972731401
15,3,0,0.055,0.0458869039770812
15,3,1,0.055,-0.1774821653429743
15,3,2,0.055,0.1687856972731401
15,3,3,0.055,0.0000000000000000
16,0,0,0.063,0.0000000000000000
16,0,1,0.063,0.1894507667431901
16,0,2,0.063,-0.2068020358646036
16,0,3,0.063,0.0644082228623653
16,1,0,0.063,0.1894507667431901
16,1,1,0.063,0.0000000000000000
16,1,2,0.063,0.2935723736675125
16,1,3,0.063,-0.2247274279692537
16,2,0,0.063,-0.2068020358646036
16,2,1,0.063,0.2935723736675125
16,2,2,0.063,0.0000000000000000
16,2,3,0.063,0.1840962761755587
16,3,0,0.063,0.0644082228623653
16,3,1,0.063,-0.2247274279692537
16,3,2,0.063,0.1840962761755587
16,3,3,0.063,0.0000000000000000
17,0,0,0.070,0.0000000000000000
17,0,1,0.070,0.2085021546048861
17,0,2,0.070,-0.2550986178319054
17,0,3,0.070,0.0857053671949423
17,1,0,0.070,0.2085021546048861
17,1,1,0.070,0.0000000000000000
17,1,2,0.070,0.3369099237309530
17,1,3,0.070,-0.2758783596221484
17,2,0,0.070,-0.2550986178319054
17,2,1,0.070,0.3369099237309530
17,2,2,0.070,0.0000000000000000
17,2,3,0.070,0.1998577075380415
17,3,0,0.070,0.0857053671949423
17,3,1,0.070,-0.2758783596221484
17,3,2,0.070,0.1998577075380415
17,3,3,0.070,0.0000000000000000
18,0,0,0.077,0.0000000000000000
18,0,1,0.077,0.2290507937634638
18,0,2,0.077,-0.3078605785164923
18,0,3,0.077,0.1092862493370483
18,1,0,0.077,0.2290507937634638
18,1,1,0.077,0.0000000000000000
18,1,2,0.077,0.3837326236488059
18,1,3,0.077,-0.3298216238382056
18,2,0,0.077,-0.3078605785164923
18,2,1,0.077,0.3837326236488059
18,2,2,0.077,0.0000000000000000
18,2,3,0.077,0.2156107112201490
18,3,0,0.077,0.1092862493370483
18,3,1,0.077,-0.3298216238382056
18,3,2,0.077,0.2156107112201490
18,3,3,0.077,0.0000000000000000
19,0,0,0.083,0.0000000000000000
19,0,1,0.083,0.2510296956749415
19,0,2,0.083,-0.3647067491637088
19,0,3,0.083,0.1346442416317754
19,1,0,0.083,0.2510296956749415
19,1,1,0.083,0.0000000000000000
19,1,2,0.083,0.4335768066425965
19,1,3,0.083,-0.3854726087855809
19,2,0,0.083,-0.3647067491637088
19,2,1,0.083,0.4335768066425965
19,2,2,0.083,0.0000000000000000
19,2,3,0.083,0.2309267896147455
19,3,0,0.083,0.1346442416317754
19,3,1,0.083,-0.3854726087855809
19,3,2,0.083,0.2309267896147455
19,3,3,0.083,0.0000000000000000
20,0,0,0.089,0.0000000000000000
20,0,1,0.089,0.2744064837734010
20,0,2,0.089,-0.4252808890559967
20,0,3,0.089,0.1613086733934201
20,1,0,0.089,0.2744064837734010
20,1,1,0.089,0.0000000000000000
20,1,2,0.089,0.4859848653160524
20,1,3,0.089,-0.4418560819808459
20,2,0,0.089,-0.4252808890559967
20,2,1,0.089,0.4859848653160524
20,2,2,0.089,0.0000000000000000
20,2,3,0.089,0.2454351241687382
20,3,0,0.089,0.1613086733934201
20,3,1,0.089,-0.4418560819808459
20,3,2,0.089,0.2454351241687382
20,3,3,0.089,0.0000000000000000
21,0,0,0.095,0.0000000000000000
21,0,1,0.095,0.2991828146559050
21,0,2,0.095,-0.4892678026844574
21,0,3,0.095,0.1888679770101272
21,1,0,0.095,0.2991828146559050
21,1,1,0.095,0.0000000000000000
21,1,2,0.095,0.5405223505226698
21,1,3,0.095,-0.4981400906019688
21,2,0,0.095,-0.4892678026844574
21,2,1,0.095,0.5405223505226698
21,2,2,0.095,0.0000000000000000
21,2,3,0.095,0.2588329267124934
21,3,0,0.095,0.1888679770101272
21,3,1,0.095,-0.4981400906019688
21,3,2,0.095,0.2588329267124934
21,3,3,0.095,0.0000000000000000
22,0,0,0.100,0.0000000000000000
22,0,1,0.100,0.3253894520458462
22,0,2,0.100,-0.5563927136026345
22,0,3,0.100,0.2169721576750493
22,1,0,0.100,0.3253894520458462
22,1,1,0.100,0.0000000000000000
22,1,2,0.100,0.5967809721238319
22,1,3,0.100,-0.5536357988405053
22,2,0,0.100,-0.5563927136026345
22,2,1,0.100,0.5967809721238319
22,2,2,0.100,0.0000000000000000
22,2,3,0.100,0.2708841062131817
22,3,0,0.100,0.2169721576750493
22,3,1,0.100,-0.5536357988405053
22,3,2,0.100,0.2708841062131817
22,3,3,0.100,0.0000000000000000
23,0,0,0.106,0.0000000000000000
23,0,1,0.106,0.3530798828109742
23,0,2,0.106,-0.6264114420345316
23,0,3,0.106,0.2453238671199338
23,1,0,0.106,0.3530798828109742
23,1,1,0.106,0.0000000000000000
23,1,2,0.106,0.6543738637909667
23,1,3,0.106,-0.6077803229047106
23,2,0,0.106,-0.6264114420345316
23,2,1,0.106,0.6543738637909667
23,2,2,0.106,0.0000000000000000
23,2,3,0.106,0.2814123268321367
23,3,0,0.106,0.2453238671199338
23,3,1,0.106,-0.6077803229047106
23,3,2,0.106,0.2814123268321367
23,3,3,0.106,0.0000000000000000
24,0,0,0.111,0.0000000000000000
24,0,1,0.111,0.3823242526778131
24,0,2,0.111,-0.6990973179334797
24,0,3,0.111,0.2736650107068723
24,1,0,0.111,0.3823242526778131
24,1,1,0.111,0.0000000000000000
24,1,2,0.111,0.7129282726176149
24,1,3,0.111,-0.6601145837769634
24,2,0,0.111,-0.6990973179334797
24,2,1,0.111,0.7129282726176149
24,2,2,0.111,0.0000000000000000
24,2,3,0.111,0.2902925413229120
24,3,0,0.111,0.2736650107068723
24,3,1,0.111,-0.6601145837769634
24,3,2,0.111,0.2902925413229120
24,3,3,0.111,0.0000000000000000
25,0,0,0.115,0.0000000000000000
25,0,1,0.115,0.4132043145512068
25,0,2,0.115,-0.7742280075684157
25,0,3,0.115,0.3017626721500149
25,1,0,0.115,0.4132043145512068
25,1,1,0.115,0.0000000000000000
25,1,2,0.115,0.7720784805199024
25,1,3,0.115,-0.7102622323293900
25,2,0,0.115,-0.7742280075684157
25,2,1,0.115,0.7720784805199024
25,2,2,0.115,0.0000000000000000
25,2,3,0.115,0.2974429482914509
25,3,0,0.115,0.3017626721500149
25,3,1,0.115,-0.7102622323293900
25,3,2,0.115,0.2974429482914509
25,3,3,0.115,0.0000000000000000
26,0,0,0.120,0.0000000000000000
26,0,1,0.120,0.4458094501618636
26,0,2,0.120,-0.8515733865900238
26,0,3,0.120,0.3293958802380638
26,1,0,0.120,0.4458094501618636
26,1,1,0.120,0.0000000000000000
26,1,2,0.120,0.8314599724776001
26,1,3,0.120,-0.7579117213191366
26,2,0,0.120,-0.8515733865900238
26,2,1,0.120,0.8314599724776001
26,2,2,0.120,0.0000000000000000
26,2,3,0.120,0.3028179806464023
26,3,0,0.120,0.3293958802380638
26,3,1,0.120,-0.7579117213191366
26,3,2,0.120,0.3028179806464023
26,3,3,0.120,0.0000000000000000
27,0,0,0.125,0.0000000000000000
27,0,1,0.125,0.4802335771440616
27,0,2,0.125,-0.9308845002100621
27,0,3,0.125,0.3563435106976077
27,1,0,0.125,0.4802335771440616
27,1,1,0.125,0.0000000000000000
27,1,2,0.125,0.8907048958555913
27,1,3,0.125,-0.8028016189579333
27,2,0,0.125,-0.9308845002100621
27,2,1,0.125,0.8907048958555913
27,2,2,0.125,0.0000000000000000
27,2,3,0.125,0.3064023110855041
27,3,0,0.125,0.3563435106976077
27,3,1,0.125,-0.8028016189579333
27,3,2,0.125,0.3064023110855041
27,3,3,0.125,0.0000000000000000
28,0,0,0.128,0.0000000000000000
28,0,1,0.128,0.5054620316578339
28,0,2,0.128,-0.9873798390051198
28,0,3,0.128,0.3746923365592811
28,1,0,0.128,0.5054620316578339
28,1,1,0.128,0.0000000000000000
28,1,2,0.128,0.9317554417735305
28,1,3,0.128,-0.8323499187774689
28,2,0,0.128,-0.9873798390051198
28,2,1,0.128,0.9317554417735305
28,2,2,0.128,0.0000000000000000
28,2,3,0.128,0.3078181234067126
28,3,0,0.128,0.3746923365592811
28,3,1,0.128,-0.8323499187774689
28,3,2,0.128,0.3078181234067126
28,3,3,0.128,0.0000000000000000
29,0,0,0.131,0.0000000000000000
29,0,1,0.131,0.5318051353577259
29,0,2,0.131,-1.0449089758018959
29,0,3,0.131,0.3926095698930830
29,1,0,0.131,0.5318051353577259
29,1,1,0.131,0.0000000000000000
29,1,2,0.131,0.9726448931420356
29,1,3,0.131,-0.8605431250712853
29,2,0,0.131,-1.0449089758018959
29,2,1,0.131,0.9726448931420356
29,2,2,0.131,0.0000000000000000
29,2,3,0.131,0.3083906780951060
29,3,0,0.131,0.3926095698930830
29,3,1,0.131,-0.8605431250712853
29,3,2,0.131,0.3083906780951060
29,3,3,0.131,0.0000000000000000
30,0,0,0.134,0.0000000000000000
30,0,1,0.134,0.5592913246220197
30,0,2,0.134,-1.1033210292394531
30,0,3,0.134,0.4099783244312227
30,1,0,0.134,0.5592913246220197
30,1,1,0.134,0.0000000000000000
30,1,2,0.134,1.0132024835554638
30,1,3,0.134,-0.8872735905476737
30,2,0,0.134,-1.1033210292394531
30,2,1,0.134,1.0132024835554638
30,2,2,0.134,0.0000000000000000
30,2,3,0.134,0.3081206627931901
30,3,0,0.134,0.4099783244312227
30,3,1,0.134,-0.8872735905476737
30,3,2,0.134,0.3081206627931901
30,3,3,0.134,0.0000000000000000
31,0,0,0.137,0.0000000000000000
31,0,1,0.137,0.5879171275618794
31,0,2,0.137,-1.1623865491172622
31,0,3,0.137,0.4266550730672330
31,1,0,0.137,0.5879171275618794
31,1,1,0.137,0.0000000000000000
31,1,2,0.137,1.0532111371510664
31,1,3,0.137,-0.9124150211276314
31,2,0,0.137,-1.1623865491172622
31,2,1,0.137,1.0532111371510664
31,2,2,0.137,0.0000000000000000
31,2,3,0.137,0.3070164080794843
31,3,0,0.137,0.4266550730672330
31,3,1,0.137,-0.9124150211276314
31,3,2,0.137,0.3070164080794843
31,3,3,0.137,0.0000000000000000
32,0,0,0.140,0.0000000000000000
32,0,1,0.140,0.6176718785486458
32,0,2,0.140,-1.2218550434504369
32,0,3,0.140,0.4424881164593992
32,1,0,0.140,0.6176718785486458
32,1,1,0.140,0.0000000000000000
32,1,2,0.140,1.0924517307797348
32,1,3,0.140,-0.9358535204342016
32,2,0,0.140,-1.2218550434504369
32,2,1,0.140,1.0924517307797348
32,2,2,0.140,0.0000000000000000
32,2,3,0.140,0.3050950137116279
32,3,0,0.140,0.4424881164593992
32,3,1,0.140,-0.9358535204342016
32,3,2,0.140,0.3050950137116279
32,3,3,0.140,0.0000000000000000
33,0,0,0.143,0.0000000000000000
33,0,1,0.143,0.6445160320439831
33,0,2,0.143,-1.2737954643658556
33,0,3,0.143,0.4554847452029074
33,1,0,0.143,0.6445160320439831
33,1,1,0.143,0.0000000000000000
33,1,2,0.143,1.1258199265816262
33,1,3,0.143,-0.9548027605775359
33,2,0,0.143,-1.2737954643658556
33,2,1,0.143,1.1258199265816262
33,2,2,0.143,0.0000000000000000
33,2,3,0.143,0.3027756967296439
33,3,0,0.143,0.4554847452029074
33,3,1,0.143,-0.9548027605775359
33,3,2,0.143,0.3027756967296439
33,3,3,0.143,0.0000000000000000
34,0,0,0.146,0.0000000000000000
34,0,1,0.146,0.6708583459063131
34,0,2,0.146,-1.3231913117362359
34,0,3,0.146,0.4670597699154772
34,1,0,0.146,0.6708583459063131
34,1,1,0.146,0.0000000000000000
34,1,2,0.146,1.1567684987666331
34,1,3,0.146,-0.9715279244719508
34,2,0,0.146,-1.3231913117362359
34,2,1,0.146,1.1567684987666331
34,2,2,0.146,0.0000000000000000
34,2,3,0.146,0.3000307972345324
34,3,0,0.146,0.4670597699154772
34,3,1,0.146,-0.9715279244719508
34,3,2,0.146,0.3000307972345324
34,3,3,0.146,0.0000000000000000
35,0,0,0.148,0.0000000000000000
35,0,1,0.148,0.6967553847181343
35,0,2,0.148,-1.3702257478576145
35,0,3,0.148,0.4773069118466357
35,1,0,0.148,0.6967553847181343
35,1,1,0.148,0.0000000000000000
35,1,2,0.148,1.1855075521534479
35,1,3,0.148,-0.9862808293932515
35,2,0,0.148,-1.3702257478576145
35,2,1,0.148,1.1855075521534479
35,2,2,0.148,0.0000000000000000
35,2,3,0.148,0.2969349041474172
35,3,0,0.148,0.4773069118466357
35,3,1,0.148,-0.9862808293932515
35,3,2,0.148,0.2969349041474172
35,3,3,0.148,0.0000000000000000
36,0,0,0.151,0.0000000000000000
36,0,1,0.151,0.7221639924808744
36,0,2,0.151,-1.4148934639161681
36,0,3,0.151,0.4862711218779087
36,1,0,0.151,0.7221639924808744
36,1,1,0.151,0.0000000000000000
36,1,2,0.151,1.2121205019760606
36,1,3,0.151,-0.9992238340421299
36,2,0,0.151,-1.4148934639161681
36,2,1,0.151,1.2121205019760606
36,2,2,0.151,0.0000000000000000
36,2,3,0.151,0.2935598572382233
36,3,0,0.151,0.4862711218779087
36,3,1,0.151,-0.9992238340421299
36,3,2,0.151,0.2935598572382233
36,3,3,0.151,0.0000000000000000
37,0,0,0.153,0.0000000000000000
37,0,1,0.153,0.7470368168871772
37,0,2,0.153,-1.4571893117097063
37,0,3,0.153,0.4939980710443654
37,1,0,0.153,0.7470368168871772
37,1,1,0.153,0.0000000000000000
37,1,2,0.153,1.2366875008650342
37,1,3,0.153,-1.0105040040980333
37,2,0,0.153,-1.4571893117097063
37,2,1,0.153,1.2366875008650342
37,2,2,0.153,0.0000000000000000
37,2,3,0.153,0.2899691026259318
37,3,0,0.153,0.4939980710443654
37,3,1,0.153,-1.0105040040980333
37,3,2,0.153,0.2899691026259318
37,3,3,0.153,0.0000000000000000
38,0,0,0.155,0.0000000000000000
38,0,1,0.155,0.7713261738339240
38,0,2,0.155,-1.4971152309708768
38,0,3,0.155,0.5005363228956706
38,1,0,0.155,0.7713261738339240
38,1,1,0.155,0.0000000000000000
38,1,2,0.155,1.2592894573673126
38,1,3,0.155,-1.0202570570638541
38,2,0,0.155,-1.4971152309708768
38,2,1,0.155,1.2592894573673126
38,2,2,0.155,0.0000000000000000
38,2,3,0.155,0.2862185095525926
38,3,0,0.155,0.5005363228956706
38,3,1,0.155,-1.0202570570638541
38,3,2,0.155,0.2862185095525926
38,3,3,0.155,0.0000000000000000
39,0,0,0.158,0.0000000000000000
39,0,1,0.158,0.7949841286525149
39,0,2,0.158,-1.5346800946716388
39,0,3,0.158,0.5059377695925412
39,1,0,0.158,0.7949841286525149
39,1,1,0.158,0.0000000000000000
39,1,2,0.158,1.2800076833765235
39,1,3,0.158,-1.0286087393137699
39,2,0,0.158,-1.5346800946716388
39,2,1,0.158,1.2800076833765235
39,2,2,0.158,0.0000000000000000
39,2,3,0.158,0.2823574279785981
39,3,0,0.158,0.5059377695925412
39,3,1,0.158,-1.0286087393137699
39,3,2,0.158,0.2823574279785981
39,3,3,0.158,0.0000000000000000
40,0,0,0.160,0.0000000000000000
40,0,1,0.160,0.8179622384316255
40,0,2,0.160,-1.5698991422875028
40,0,3,0.160,0.5102579977689063
40,1,0,0.160,0.8179622384316255
40,1,1,0.160,0.0000000000000000
40,1,2,0.160,1.2989234515727293
40,1,3,0.160,-1.0356760592783596
40,2,0,0.160,-1.5698991422875028
40,2,1,0.160,1.2989234515727293
40,2,2,0.160,0.0000000000000000
40,2,3,0.160,0.2784296894073702
40,3,0,0.160,0.5102579977689063
40,3,1,0.160,-1.0356760592783596
40,3,2,0.160,0.2784296894073702
40,3,3,0.160,0.0000000000000000
41,0,0,0.162,0.0000000000000000
41,0,1,0.162,0.8402110559317941
41,0,2,0.162,-1.6027932397031939
41,0,3,0.162,0.5135566767736602
41,1,0,0.162,0.8402110559317941
41,1,1,0.162,0.0000000000000000
41,1,2,0.162,1.3161176121157305
41,1,3,0.162,-1.0415684870131103
41,2,0,0.162,-1.6027932397031939
41,2,1,0.162,1.3161176121157305
41,2,2,0.162,0.0000000000000000
41,2,3,0.162,0.2744745575098881
41,3,0,0.162,0.5135566767736602
41,3,1,0.162,-1.0415684870131103
41,3,2,0.162,0.2744745575098881
41,3,3,0.162,0.0000000000000000
42,0,0,0.164,0.0000000000000000
42,0,1,0.164,0.8616793099359232
42,0,2,0.164,-1.6333878966331488
42,0,3,0.164,0.5158980103228629
42,1,0,0.164,0.8616793099359232
42,1,1,0.164,0.0000000000000000
42,1,2,0.164,1.3316702366644892
42,1,3,0.164,-1.0463891439966664
42,2,0,0.164,-1.6333878966331488
42,2,1,0.164,1.3316702366644892
42,2,2,0.164,0.0000000000000000
42,2,3,0.164,0.2705276593213083
42,3,0,0.164,0.5158980103228629
42,3,1,0.164,-1.0463891439966664
42,3,2,0.164,0.2705276593213083
42,3,3,0.164,0.0000000000000000
43,0,0,0.166,0.0000000000000000
43,0,1,0.166,0.8823126495097339
43,0,2,0.166,-1.6617119644257372
43,0,3,0.166,0.5173513120557778
43,1,0,0.166,0.8823126495097339
43,1,1,0.166,0.0000000000000000
43,1,2,0.166,1.3456602640461184
43,1,3,0.166,-1.0502360197482685
43,2,0,0.166,-1.6617119644257372
43,2,1,0.166,1.3456602640461184
43,2,2,0.166,0.0000000000000000
43,2,3,0.166,0.2666219341771441
43,3,0,0.166,0.5173513120557778
43,3,1,0.166,-1.0502360197482685
43,3,2,0.166,0.2666219341771441
43,3,3,0.166,0.0000000000000000
44,0,0,0.168,0.0000000000000000
44,0,1,0.168,0.9020517008567108
44,0,2,0.168,-1.6877957885706627
44,0,3,0.168,0.5179917869737767
44,1,0,0.168,0.9020517008567108
44,1,1,0.168,0.0000000000000000
44,1,2,0.168,1.3581650621462513
44,1,3,0.168,-1.0532032518918877
44,2,0,0.168,-1.6877957885706627
44,2,1,0.168,1.3581650621462513
44,2,2,0.168,0.0000000000000000
44,2,3,0.168,0.2627886661005799
44,3,0,0.168,0.5179917869737767
44,3,1,0.168,-1.0532032518918877
44,3,2,0.168,0.2627886661005799
44,3,3,0.168,0.0000000000000000
45,0,0,0.170,0.0000000000000000
45,0,1,0.170,0.9208290078506791
45,0,2,0.170,-1.7116684417182091
45,0,3,0.170,0.5179016594284170
45,1,0,0.170,0.9208290078506791
45,1,1,0.170,0.0000000000000000
45,1,2,0.170,1.3692597792776453
45,1,3,0.170,-1.0553825349430515
45,2,0,0.170,-1.7116684417182091
45,2,1,0.170,1.3692597792776453
45,2,2,0.170,0.0000000000000000
45,2,3,0.170,0.2590587057192876
45,3,0,0.170,0.5179016594284170
45,3,1,0.170,-1.0553825349430515
45,3,2,0.170,0.2590587057192876
45,3,3,0.170,0.0000000000000000
46,0,0,0.171,0.0000000000000000
46,0,1,0.171,0.9385639723163012
46,0,2,0.171,-1.7333532304408039
46,0,3,0.171,0.5171719010415498
46,1,0,0.171,0.9385639723163012
46,1,1,0.171,0.0000000000000000
46,1,2,0.171,1.3790162075395835
46,1,3,0.171,-1.0568647632191028
46,2,0,0.171,-1.7333532304408039
46,2,1,0.171,1.3790162075395835
46,2,2,0.171,0.0000000000000000
46,2,3,0.171,0.2554640883772408
46,3,0,0.171,0.5171719010415498
46,3,1,0.171,-1.0568647632191028
46,3,2,0.171,0.2554640883772408
46,3,3,0.171,0.0000000000000000
47,0,0,0.173,0.0000000000000000
47,0,1,0.173,0.9551539483335140
47,0,2,0.173,-1.7528597838987656
47,0,3,0.173,0.5159050727438570
47,1,0,0.173,0.9551539483335140
47,1,1,0.173,0.0000000000000000
47,1,2,0.173,1.3875005854797788
47,1,3,0.173,-1.0577421177542270
47,2,0,0.173,-1.7528597838987656
47,2,1,0.173,1.3875005854797788
47,2,2,0.173,0.0000000000000000
47,2,3,0.173,0.2520404707106112
47,3,0,0.173,0.5159050727438570
47,3,1,0.173,-1.0577421177542270
47,3,2,0.173,0.2520404707106112
47,3,3,0.173,0.0000000000000000
48,0,0,0.175,0.0000000000000000
48,0,1,0.175,0.9704568636901661
48,0,2,0.175,-1.7701683731591851
48,0,3,0.175,0.5142204746494711
48,1,0,0.175,0.9704568636901661
48,1,1,0.175,0.0000000000000000
48,1,2,0.175,1.3947688316380886
48,1,3,0.175,-1.0581110469236323
48,2,0,0.175,-1.7701683731591851
48,2,1,0.175,1.3947688316380886
48,2,2,0.175,0.0000000000000000
48,2,3,0.175,0.2488314257198599
48,3,0,0.175,0.5142204746494711
48,3,1,0.175,-1.0581110469236323
48,3,2,0.175,0.2488314257198599
48,3,3,0.175,0.0000000000000000
49,0,0,0.176,0.0000000000000000
49,0,1,0.176,0.9842518435633181
49,0,2,0.176,-1.7851935783217525
49,0,3,0.176,0.5122649519022302
49,1,0,0.176,0.9842518435633181
49,1,1,0.176,0.0000000000000000
49,1,2,0.176,1.4008546908030137
49,1,3,0.176,-1.0580773440820970
49,2,0,0.176,-1.7851935783217525
49,2,1,0.176,1.4008546908030137
49,2,2,0.176,0.0000000000000000
49,2,3,0.176,0.2458976117500559
49,3,0,0.176,0.5122649519022302
49,3,1,0.176,-1.0580773440820970
49,3,2,0.176,0.2458976117500559
49,3,3,0.176,0.0000000000000000
50,0,0,0.177,0.0000000000000000
50,0,1,0.177,0.9961234092839023
50,0,2,0.177,-1.7976745960152425
50,0,3,0.177,0.5102421358465329
50,1,0,0.177,0.9961234092839023
50,1,1,0.177,0.0000000000000000
50,1,2,0.177,1.4057319648402287
50,1,3,0.177,-1.0577676047557685
50,2,0,0.177,-1.7976745960152425
50,2,1,0.177,1.4057319648402287
50,2,2,0.177,0.0000000000000000
50,2,3,0.177,0.2433428664151155
50,3,0,0.177,0.5102421358465329
50,3,1,0.177,-1.0577676047557685
50,3,2,0.177,0.2433428664151155
50,3,3,0.177,0.0000000000000000
51,0,0,0.178,0.0000000000000000
51,0,1,0.178,1.0002664712060043
51,0,2,0.178,-1.8019332825412426
51,0,3,0.178,0.5094682642721970
51,1,0,0.178,1.0002664712060043
51,1,1,0.178,0.0000000000000000
51,1,2,0.178,1.4073532531162953
51,1,3,0.178,-1.0576056911086893
51,2,0,0.178,-1.8019332825412426
51,2,1,0.178,1.4073532531162953
51,2,2,0.178,0.0000000000000000
51,2,3,0.178,0.2424491606702038
51,3,0,0.178,0.5094682642721970
51,3,1,0.178,-1.0576056911086893
51,3,2,0.178,0.2424491606702038
51,3,3,0.178,0.0000000000000000
52,0,0,0.178,0.0000000000000000
52,0,1,0.178,1.0043862153019394
52,0,2,0.178,-1.8061161900914544
52,0,3,0.178,0.5086587149422670
52,1,0,0.178,1.0043862153019394
52,1,1,0.178,0.0000000000000000
52,1,2,0.178,1.4089246044083676
52,1,3,0.178,-1.0574119222908862
52,2,0,0.178,-1.8061161900914544
52,2,1,0.178,1.4089246044083676
52,2,2,0.178,0.0000000000000000
52,2,3,0.178,0.2415567533445353
52,3,0,0.178,0.5086587149422670
52,3,1,0.178,-1.0574119222908862
52,3,2,0.178,0.2415567533445353
52,3,3,0.178,0.0000000000000000
53,0,0,0.179,0.0000000000000000
53,0,1,0.179,1.0088905727181872
53,0,2,0.179,-1.8106297024248006
53,0,3,0.179,0.5077268315984866
53,1,0,0.179,1.0088905727181872
53,1,1,0.179,0.0000000000000000
53,1,2,0.179,1.4105958132137628
53,1,3,0.179,-1.0571617822085457
53,2,0,0.179,-1.8106297024248006
53,2,1,0.179,1.4105958132137628
53,2,2,0.179,0.0000000000000000
53,2,3,0.179,0.2405764427176783
53,3,0,0.179,0.5077268315984866
53,3,1,0.179,-1.0571617822085457
53,3,2,0.179,0.2405764427176783
53,3,3,0.179,0.0000000000000000
54,0,0,0.179,0.0000000000000000
54,0,1,0.179,1.0142575030055780
54,0,2,0.179,-1.8159246232488557
54,0,3,0.179,0.5065511811786984
54,1,0,0.179,1.0142575030055780
54,1,1,0.179,0.0000000000000000
54,1,2,0.179,1.4125226737148195
54,1,3,0.179,-1.0568102700203672
54,2,0,0.179,-1.8159246232488557
54,2,1,0.179,1.4125226737148195
54,2,2,0.179,0.0000000000000000
54,2,3,0.179,0.2394017109848955
54,3,0,0.179,0.5065511811786984
54,3,1,0.179,-1.0568102700203672
54,3,2,0.179,0.2394017109848955
54,3,3,0.179,0.0000000000000000
55,0,0,0.180,0.0000000000000000
55,0,1,0.180,1.0211712771563493
55,0,2,0.180,-1.8226103191821426
55,0,3,0.180,0.5049291744280462
55,1,0,0.180,1.0211712771563493
55,1,1,0.180,0.0000000000000000
55,1,2,0.180,1.4149005594835791
55,1,3,0.180,-1.0562694922274234
55,2,0,0.180,-1.8226103191821426
55,2,1,0.180,1.4149005594835791
55,2,2,0.180,0.0000000000000000
55,2,3,0.180,0.2378769759563601
55,3,0,0.180,0.5049291744280462
55,3,1,0.180,-1.0562694922274234
55,3,2,0.180,0.2378769759563601
55,3,3,0.180,0.0000000000000000
56,0,0,0.181,0.0000000000000000
56,0,1,0.181,1.0307285782600422
56,0,2,0.181,-1.8315953405536225
56,0,3,0.181,0.5024810495338643
56,1,0,0.181,1.0307285782600422
56,1,1,0.181,0.0000000000000000
56,1,2,0.181,1.4179909459197564
56,1,3,0.181,-1.0553537532842461
56,2,0,0.181,-1.8315953405536225
56,2,1,0.181,1.4179909459197564
56,2,2,0.181,0.0000000000000000
56,2,3,0.181,0.2357466957389745
56,3,0,0.181,0.5024810495338643
56,3,1,0.181,-1.0553537532842461
56,3,2,0.181,0.2357466957389745
56,3,3,0.181,0.0000000000000000
57,0,0,0.182,0.0000000000000000
57,0,1,0.182,1.0439880238727834
57,0,2,0.182,-1.8435512774467475
57,0,3,0.182,0.4986746839284326
57,1,0,0.182,1.0439880238727834
57,1,1,0.182,0.0000000000000000
57,1,2,0.182,1.4218903389806927
57,1,3,0.182,-1.0537500103175463
57,2,0,0.182,-1.8435512774467475
57,2,1,0.182,1.4218903389806927
57,2,2,0.182,0.0000000000000000
57,2,3,0.182,0.2327464165971540
57,3,0,0.182,0.4986746839284326
57,3,1,0.182,-1.0537500103175463
57,3,2,0.182,0.2327464165971540
57,3,3,0.182,0.0000000000000000
58,0,0,0.184,0.0000000000000000
58,0,1,0.184,1.0581314003936133
58,0,2,0.184,-1.8556343611236987
58,0,3,0.184,0.4940849192096259
58,1,0,0.184,1.0581314003936133
58,1,1,0.184,0.0000000000000000
58,1,2,0.184,1.4255348505429262
58,1,3,0.184,-1.0516143783212675
58,2,0,0.184,-1.8556343611236987
58,2,1,0.184,1.4255348505429262
58,2,2,0.184,0.0000000000000000
58,2,3,0.184,0.2294957449135699
58,3,0,0.184,0.4940849192096259
58,3,1,0.184,-1.0516143783212675
58,3,2,0.184,0.2294957449135699
58,3,3,0.184,0.0000000000000000
59,0,0,0.186,0.0000000000000000
59,0,1,0.186,1.0732110802854686
59,0,2,0.186,-1.8677205654969418
59,0,3,0.186,0.4885576113203845
59,1,0,0.186,1.0732110802854686
59,1,1,0.186,0.0000000000000000
59,1,2,0.186,1.4288108719625257
59,1,3,0.186,-1.0488305624318379
59,2,0,0.186,-1.8677205654969418
59,2,1,0.186,1.4288108719625257
59,2,2,0.186,0.0000000000000000
59,2,3,0.186,0.2259697399751699
59,3,0,0.186,0.4885576113203845
59,3,1,0.186,-1.0488305624318379
59,3,2,0.186,0.2259697399751699
59,3,3,0.186,0.0000000000000000
60,0,0,0.188,0.0000000000000000
60,0,1,0.188,1.0889862245119293
60,0,2,0.188,-1.8794382976022095
60,0,3,0.188,0.4820354056462127
60,1,0,0.188,1.0889862245119293
60,1,1,0.188,0.0000000000000000
60,1,2,0.188,1.4315309496102100
60,1,3,0.188,-1.0453276261405473
60,2,0,0.188,-1.8794382976022095
60,2,1,0.188,1.4315309496102100
60,2,2,0.188,0.0000000000000000
60,2,3,0.188,0.2222115195891737
60,3,0,0.188,0.4820354056462127
60,3,1,0.188,-1.0453276261405473
60,3,2,0.188,0.2222115195891737
60,3,3,0.188,0.0000000000000000
61,0,0,0.190,0.0000000000000000
61,0,1,0.190,1.1052791094176002
61,0,2,0.190,-1.8904868853734391
61,0,3,0.190,0.4744518764085666
61,1,0,0.190,1.1052791094176002
61,1,1,0.190,0.0000000000000000
61,1,2,0.190,1.4335364447070449
61,1,3,0.190,-1.0410327279485576
61,2,0,0.190,-1.8904868853734391
61,2,1,0.190,1.4335364447070449
61,2,2,0.190,0.0000000000000000
61,2,3,0.190,0.2182503584035540
61,3,0,0.190,0.4744518764085666
61,3,1,0.190,-1.0410327279485576
61,3,2,0.190,0.2182503584035540
61,3,3,0.190,0.0000000000000000
62,0,0,0.192,0.0000000000000000
62,0,1,0.192,1.1219297473688632
62,0,2,0.192,-1.9005954490206072
62,0,3,0.192,0.4657444364006832
62,1,0,0.192,1.1219297473688632
62,1,1,0.192,0.0000000000000000
62,1,2,0.192,1.4346831531125948
62,1,3,0.192,-1.0358755916606841
62,2,0,0.192,-1.9005954490206072
62,2,1,0.192,1.4346831531125948
62,2,2,0.192,0.0000000000000000
62,2,3,0.192,0.2141118794139191
62,3,0,0.192,0.4657444364006832
62,3,1,0.192,-1.0358755916606841
62,3,2,0.192,0.2141118794139191
62,3,3,0.192,0.0000000000000000
63,0,0,0.194,0.0000000000000000
63,0,1,0.194,1.1387923441219567
63,0,2,0.194,-1.9095182159753479
63,0,3,0.194,0.4558540880658195
63,1,0,0.194,1.1387923441219567
63,1,1,0.194,0.0000000000000000
63,1,2,0.194,1.4348382646242186
63,1,3,0.194,-1.0297869190345117
63,2,0,0.194,-1.9095182159753479
63,2,1,0.194,1.4348382646242186
63,2,2,0.194,0.0000000000000000
63,2,3,0.194,0.2098186138126338
63,3,0,0.194,0.4558540880658195
63,3,1,0.194,-1.0297869190345117
63,3,2,0.194,0.2098186138126338
63,3,3,0.194,0.0000000000000000
64,0,0,0.197,0.0000000000000000
64,0,1,0.197,1.1557306738524542
64,0,2,0.197,-1.9170295878842103
64,0,3,0.197,0.4447260748092828
64,1,0,0.197,1.1557306738524542
64,1,1,0.197,0.0000000000000000
64,1,2,0.197,1.4338774965109935
64,1,3,0.197,-1.0226973860635675
64,2,0,0.197,-1.9170295878842103
64,2,1,0.197,1.4338774965109935
64,2,2,0.197,0.0000000000000000
64,2,3,0.197,0.2053909043898163
64,3,0,0.197,0.4447260748092828
64,3,1,0.197,-1.0226973860635675
64,3,2,0.197,0.2053909043898163
64,3,3,0.197,0.0000000000000000
65,0,0,0.199,0.0000000000000000
65,0,1,0.199,1.1726149846049838
65,0,2,0.199,-1.9229208503414064
65,0,3,0.199,0.4323102954144687
65,1,0,0.199,1.1726149846049838
65,1,1,0.199,0.0000000000000000
65,1,2,0.199,1.4316828253226186
65,1,3,0.199,-1.0145365996202664
65,2,0,0.199,-1.9229208503414064
65,2,1,0.199,1.4316828253226186
65,2,2,0.199,0.0000000000000000
65,2,3,0.199,0.2008475202343707
65,3,0,0.199,0.4323102954144687
65,3,1,0.199,-1.0145365996202664
65,3,2,0.199,0.2008475202343707
65,3,3,0.199,0.0000000000000000
66,0,0,0.202,0.0000000000000000
66,0,1,0.202,1.1893197248044005
66,0,2,0.202,-1.9269978568708273
66,0,3,0.202,0.4185616604288672
66,1,0,0.202,1.1893197248044005
66,1,1,0.202,0.0000000000000000
66,1,2,0.202,1.4281405872977879
66,1,3,0.202,-1.0052320860237418
66,2,0,0.202,-1.9269978568708273
66,2,1,0.202,1.4281405872977879
66,2,2,0.202,0.0000000000000000
66,2,3,0.202,0.1962061459782823
66,3,0,0.202,0.4185616604288672
66,3,1,0.202,-1.0052320860237418
66,3,2,0.202,0.1962061459782823
66,3,3,0.202,0.0000000000000000
67,0,0,0.205,0.0000000000000000
67,0,1,0.205,1.2057218390627031
67,0,2,0.205,-1.9290794055569174
67,0,3,0.205,0.4034404165269515
67,1,0,0.205,1.2057218390627031
67,1,1,0.205,0.0000000000000000
67,1,2,0.205,1.4231398322109781
67,1,3,0.205,-0.9947083093888643
67,2,0,0.205,-1.9290794055569174
67,2,1,0.205,1.4231398322109781
67,2,2,0.205,0.0000000000000000
67,2,3,0.205,0.1914838027599177
67,3,0,0.205,0.4034404165269515
67,3,1,0.205,-0.9947083093888643
67,3,2,0.205,0.1914838027599177
67,3,3,0.205,0.0000000000000000
68,0,0,0.208,0.0000000000000000
68,0,1,0.208,1.2216994443747382
68,0,2,0.208,-1.9289961158697830
68,0,3,0.208,0.3869124731142642
68,1,0,0.208,1.2216994443747382
68,1,1,0.208,0.0000000000000000
68,1,2,0.208,1.4165708580720111
68,1,3,0.208,-0.9828857308774327
68,2,0,0.208,-1.9289961158697830
68,2,1,0.208,1.4165708580720111
68,2,2,0.208,0.0000000000000000
68,2,3,0.208,0.1866972468009707
68,3,0,0.208,0.3869124731142642
68,3,1,0.208,-0.9828857308774327
68,3,2,0.208,0.1866972468009707
68,3,3,0.208,0.0000000000000000
69,0,0,0.211,0.0000000000000000
69,0,1,0.211,1.2371307763697152
69,0,2,0.211,-1.9265896876062032
69,0,3,0.211,0.3689497455094067
69,1,0,0.211,1.2371307763697152
69,1,1,0.211,0.0000000000000000
69,1,2,0.211,1.4083238797946336
69,1,3,0.211,-0.9696799127051482
69,2,0,0.211,-1.9265896876062032
69,2,1,0.211,1.4083238797946336
69,2,2,0.211,0.0000000000000000
69,2,3,0.211,0.1818633742523643
69,3,0,0.211,0.3689497455094067
69,3,1,0.211,-0.9696799127051482
69,3,2,0.211,0.1818633742523643
69,3,3,0.211,0.0000000000000000
70,0,0,0.214,0.0000000000000000
70,0,1,0.214,1.2518933203732150
70,0,2,0.214,-1.9217124652388051
70,0,3,0.214,0.3495305370941258
70,1,0,0.214,1.2518933203732150
70,1,1,0.214,0.0000000000000000
70,1,2,0.214,1.3982878069859330
70,1,3,0.214,-0.9550006806947826
70,2,0,0.214,-1.9217124652388051
70,2,1,0.214,1.3982878069859330
70,2,2,0.214,0.0000000000000000
70,2,3,0.214,0.1769996570950823
70,3,0,0.214,0.3495305370941258
70,3,1,0.214,-0.9550006806947826
70,3,2,0.214,0.1769996570950823
70,3,3,0.214,0.0000000000000000
71,0,0,0.218,0.0000000000000000
71,0,1,0.218,1.2658630731018397
71,0,2,0.218,-1.9142272630386274
71,0,3,0.218,0.3286399771276381
71,1,0,0.218,1.2658630731018397
71,1,1,0.218,0.0000000000000000
71,1,2,0.218,1.3863491192130812
71,1,3,0.218,-0.9387513589971934
71,2,0,0.218,-1.9142272630386274
71,2,1,0.218,1.3863491192130812
71,2,2,0.218,0.0000000000000000
71,2,3,0.218,0.1721246282080303
71,3,0,0.218,0.3286399771276381
71,3,1,0.218,-0.9387513589971934
71,3,2,0.218,0.1721246282080303
71,3,3,0.218,0.0000000000000000
72,0,0,0.222,0.0000000000000000
72,0,1,0.222,1.2789138933341213
72,0,2,0.222,-1.9040074261089299
72,0,3,0.222,0.3062705341436278
72,1,0,0.222,1.2789138933341213
72,1,1,0.222,0.0000000000000000
72,1,2,0.222,1.3723908388425043
72,1,3,0.222,-0.9208280957135061
72,2,0,0.222,-1.9040074261089299
72,2,1,0.222,1.3723908388425043
72,2,2,0.222,0.0000000000000000
72,2,3,0.222,0.1672584311169512
72,3,0,0.222,0.3062705341436278
72,3,1,0.222,-0.9208280957135061
72,3,2,0.222,0.1672584311169512
72,3,3,0.222,0.0000000000000000
73,0,0,0.226,0.0000000000000000
73,0,1,0.226,1.2909169005126209
73,0,2,0.226,-1.8909371248623303
73,0,3,0.226,0.2824226428518328
73,1,0,0.226,1.2909169005126209
73,1,1,0.226,0.0000000000000000
73,1,2,0.226,1.3562916214275806
73,1,3,0.226,-0.9011193146782472
73,2,0,0.226,-1.8909371248623303
73,2,1,0.226,1.3562916214275806
73,2,2,0.226,0.0000000000000000
73,2,3,0.226,0.1624234503633118
73,3,0,0.226,0.2824226428518328
73,3,1,0.226,-0.9011193146782472
73,3,2,0.226,0.1624234503633118
73,3,3,0.226,0.0000000000000000
74,0,0,0.230,0.0000000000000000
74,0,1,0.230,1.3017398920181564
74,0,2,0.230,-1.8749118924345478
74,0,3,0.230,0.2571054799248328
74,1,0,0.230,1.3017398920181564
74,1,1,0.230,0.0000000000000000
74,1,2,0.230,1.3379249920774277
74,1,3,0.230,-0.8795053289713478
74,2,0,0.230,-1.8749118924345478
74,2,1,0.230,1.3379249920774277
74,2,2,0.230,0.0000000000000000
74,2,3,0.230,0.1576450330002472
74,3,0,0.230,0.2571054799248328
74,3,1,0.230,-0.8795053289713478
74,3,2,0.230,0.1576450330002472
74,3,3,0.230,0.0000000000000000
75,0,0,0.235,0.0000000000000000
75,0,1,0.235,1.3112467365636820
75,0,2,0.235,-1.8558394380991112
75,0,3,0.235,0.2303379576625291
75,1,0,0.235,1.3112467365636820
75,1,1,0.235,0.0000000000000000
75,1,2,0.235,1.3171587865218048
75,1,3,0.235,-0.8558581796268726
75,2,0,0.235,-1.8558394380991112
75,2,1,0.235,1.3171587865218048
75,2,2,0.235,0.0000000000000000
75,2,3,0.235,0.1529523125927365
75,3,0,0.235,0.2303379576625291
75,3,1,0.235,-0.8558581796268726
75,3,2,0.235,0.1529523125927365
75,3,3,0.235,0.0000000000000000
76,0,0,0.239,0.0000000000000000
76,0,1,0.239,1.3192966960411667
76,0,2,0.239,-1.8336407908586343
76,0,3,0.239,0.2021500277735594
76,1,0,0.239,1.3192966960411667
76,1,1,0.239,0.0000000000000000
76,1,2,0.239,1.2938548841703921
76,1,3,0.239,-0.8300417828941969
76,2,0,0.239,-1.8336407908586343
76,2,1,0.239,1.2938548841703921
76,2,2,0.239,0.0000000000000000
76,2,3,0.239,0.1483791413824815
76,3,0,0.239,0.2021500277735594
76,3,1,0.239,-0.8300417828941969
76,3,2,0.239,0.1483791413824815
76,3,3,0.239,0.0000000000000000
77,0,0,0.245,0.0000000000000000
77,0,1,0.245,1.3257436094441739
77,0,2,0.245,-1.8082518564353145
77,0,3,0.245,0.1725844323491973
77,1,0,0.245,1.3257436094441739
77,1,1,0.245,0.0000000000000000
77,1,2,0.245,1.2678693665244902
77,1,3,0.245,-0.8019125055987480
77,2,0,0.245,-1.8082518564353145
77,2,1,0.245,1.2678693665244902
77,2,2,0.245,0.0000000000000000
77,2,3,0.245,0.1439651293309692
77,3,0,0.245,0.1725844323491973
77,3,1,0.245,-0.8019125055987480
77,3,2,0.245,0.1439651293309692
77,3,3,0.245,0.0000000000000000
78,0,0,0.250,0.0000000000000000
78,0,1,0.250,1.3304348428775583
78,0,2,0.250,-1.7796255126841913
78,0,3,0.250,0.1416991080563904
78,1,0,0.250,1.3304348428775583
78,1,1,0.250,0.0000000000000000
78,1,2,0.250,1.2390533045249386
78,1,3,0.250,-0.7713203439576171
78,2,0,0.250,-1.7796255126841913
78,2,1,0.250,1.2390533045249386
78,2,2,0.250,0.0000000000000000
78,2,3,0.250,0.1397567767976892
78,3,0,0.250,0.1416991080563904
78,3,1,0.250,-0.7713203439576171
78,3,2,0.250,0.1397567767976892
78,3,3,0.250,0.0000000000000000
79,0,0,0.257,0.0000000000000000
79,0,1,0.257,1.3332098658656355
79,0,2,0.257,-1.7477344329821465
79,0,3,0.257,0.1095705574456231
79,1,0,0.257,1.3332098658656355
79,1,1,0.257,0.0000000000000000
79,1,2,0.257,1.2072544895328772
79,1,3,0.257,-0.7381109716030556
79,2,0,0.257,-1.7477344329821465
79,2,1,0.257,1.2072544895328772
79,2,2,0.257,0.0000000000000000
79,2,3,0.257,0.1358086673558343
79,3,0,0.257,0.1095705574456231
79,3,1,0.257,-0.7381109716030556
79,3,2,0.257,0.1358086673558343
79,3,3,0.257,0.0000000000000000
80,0,0,0.263,0.0000000000000000
80,0,1,0.263,1.3338982542088447
80,0,2,0.263,-1.7125748985718185
80,0,3,0.263,0.0762986405605873
80,1,0,0.263,1.3338982542088447
80,1,1,0.263,0.0000000000000000
80,1,2,0.263,1.1723205712616260
80,1,3,0.263,-0.7021290414486349
80,2,0,0.263,-1.7125748985718185
80,2,1,0.263,1.1723205712616260
80,2,2,0.263,0.0000000000000000
80,2,3,0.263,0.1321846496041634
80,3,0,0.263,0.0762986405605873
80,3,1,0.263,-0.7021290414486349
80,3,2,0.263,0.1321846496041634
80,3,3,0.263,0.0000000000000000
81,0,0,0.271,0.0000000000000000
81,0,1,0.271,1.3323168311797973
81,0,2,0.271,-1.6741719900944931
81,0,3,0.271,0.0420134799027731
81,1,0,0.271,1.3323168311797973
81,1,1,0.271,0.0000000000000000
81,1,2,0.271,1.1341043218532956
81,1,3,0.271,-0.6632233460078197
81,2,0,0.271,-1.6741719900944931
81,2,1,0.271,1.1341043218532956
81,2,2,0.271,0.0000000000000000
81,2,3,0.271,0.1289588787812149
81,3,0,0.271,0.0420134799027731
81,3,1,0.271,-0.6632233460078197
81,3,2,0.271,0.1289588787812149
81,3,3,0.271,0.0000000000000000
82,0,0,0.279,0.0000000000000000
82,0,1,0.279,1.3282655530881926
82,0,2,0.279,-1.6325866894662773
82,0,3,0.279,0.0068854793592717
82,1,0,0.279,1.3282655530881926
82,1,1,0.279,0.0000000000000000
82,1,2,0.279,1.0924720933041885
82,1,3,0.279,-0.6212547463562926
82,2,0,0.279,-1.6325866894662773
82,2,1,0.279,1.0924720933041885
82,2,2,0.279,0.0000000000000000
82,2,3,0.279,0.1262164856856853
82,3,0,0.279,0.0068854793592717
82,3,1,0.279,-0.6212547463562926
82,3,2,0.279,0.1262164856856853
82,3,3,0.279,0.0000000000000000
83,0,0,0.288,0.0000000000000000
83,0,1,0.288,1.3215216314758951
83,0,2,0.288,-1.5879256145484413
83,0,3,0.288,-0.0288601016454001
83,1,0,0.288,1.3215216314758951
83,1,1,0.288,0.0000000000000000
83,1,2,0.288,1.0473170602551072
83,1,3,0.288,-0.5761082721203230
83,2,0,0.288,-1.5879256145484413
83,2,1,0.288,1.0473170602551072
83,2,2,0.288,0.0000000000000000
83,2,3,0.288,0.1240534721979303
83,3,0,0.288,-0.0288601016454001
83,3,1,0.288,-0.5761082721203230
83,3,2,0.288,0.1240534721979303
83,3,3,0.288,0.0000000000000000
84,0,0,0.298,0.0000000000000000
84,0,1,0.298,1.3108828776672938
84,0,2,0.298,-1.5361209188465115
84,0,3,0.298,-0.0680477085085446
84,1,0,0.298,1.3108828776672938
84,1,1,0.298,0.0000000000000000
84,1,2,0.298,0.9943051592499608
84,1,3,0.298,-0.5234701747747373
84,2,0,0.298,-1.5361209188465115
84,2,1,0.298,0.9943051592499608
84,2,2,0.298,0.0000000000000000
84,2,3,0.298,0.1224489408273071
84,3,0,0.298,-0.0680477085085446
84,3,1,0.298,-0.5234701747747373
84,3,2,0.298,0.1224489408273071
84,3,3,0.298,0.0000000000000000
85,0,0,0.312,0.0000000000000000
85,0,1,0.312,1.2947516481606509
85,0,2,0.312,-1.4753371831127751
85,0,3,0.312,-0.1111459550894764
85,1,0,0.312,1.2947516481606509
85,1,1,0.312,0.0000000000000000
85,1,2,0.312,0.9310889802196639
85,1,3,0.312,-0.4610761291882087
85,2,0,0.312,-1.4753371831127751
85,2,1,0.312,0.9310889802196639
85,2,2,0.312,0.0000000000000000
85,2,3,0.312,0.1217168146249134
85,3,0,0.312,-0.1111459550894764
85,3,1,0.312,-0.4610761291882087
85,3,2,0.312,0.1217168146249134
85,3,3,0.312,0.0000000000000000
86,0,0,0.326,0.0000000000000000
86,0,1,0.326,1.2743225340446718
86,0,2,0.326,-1.4140482470149993
86,0,3,0.326,-0.1514021707493942
86,1,0,0.326,1.2743225340446718
86,1,1,0.326,0.0000000000000000
86,1,2,0.326,0.8658504249066140
86,1,3,0.326,-0.3970068823402259
86,2,0,0.326,-1.4140482470149993
86,2,1,0.326,0.8658504249066140
86,2,2,0.326,0.0000000000000000
86,2,3,0.326,0.1222825167681019
86,3,0,0.326,-0.1514021707493942
86,3,1,0.326,-0.3970068823402259
86,3,2,0.326,0.1222825167681019
86,3,3,0.326,0.0000000000000000
87,0,0,0.342,0.0000000000000000
87,0,1,0.342,1.2489731620826530
87,0,2,0.342,-1.3519783110946466
87,0,3,0.342,-0.1885615671387091
87,1,0,0.342,1.2489731620826530
87,1,1,0.342,0.0000000000000000
87,1,2,0.342,0.7982368374585372
87,1,3,0.342,-0.3308212376223333
87,2,0,0.342,-1.3519783110946466
87,2,1,0.342,0.7982368374585372
87,2,2,0.342,0.0000000000000000
87,2,3,0.342,0.1241492919292668
87,3,0,0.342,-0.1885615671387091
87,3,1,0.342,-0.3308212376223333
87,3,2,0.342,0.1241492919292668
87,3,3,0.342,0.0000000000000000
88,0,0,0.357,0.0000000000000000
88,0,1,0.357,1.2254924757593380
88,0,2,0.357,-1.3043628976549775
88,0,3,0.357,-0.2139108798446997
88,1,0,0.357,1.2254924757593380
88,1,1,0.357,0.0000000000000000
88,1,2,0.357,0.7449797490441721
88,1,3,0.357,-0.2787983077933606
88,2,0,0.357,-1.3043628976549775
88,2,1,0.357,0.7449797490441721
88,2,2,0.357,0.0000000000000000
88,2,3,0.357,0.1265980361042956
88,3,0,0.357,-0.2139108798446997
88,3,1,0.357,-0.2787983077933606
88,3,2,0.357,0.1265980361042956
88,3,3,0.357,0.0000000000000000
89,0,0,0.371,0.0000000000000000
89,0,1,0.371,1.2007140101816993
89,0,2,0.371,-1.2611109495881188
89,0,3,0.371,-0.2340636170380010
89,1,0,0.371,1.2007140101816993
89,1,1,0.371,0.0000000000000000
89,1,2,0.371,0.6958718449985373
89,1,3,0.371,-0.2308729319971183
89,2,0,0.371,-1.2611109495881188
89,2,1,0.371,0.6958718449985373
89,2,2,0.371,0.0000000000000000
89,2,3,0.371,0.1294598190577694
89,3,0,0.371,-0.2340636170380010
89,3,1,0.371,-0.2308729319971183
89,3,2,0.371,0.1294598190577694
89,3,3,0.371,0.0000000000000000
90,0,0,0.385,0.0000000000000000
90,0,1,0.385,1.1738133395068981
90,0,2,0.385,-1.2202344362967741
90,0,3,0.385,-0.2500394396563603
90,1,0,0.385,1.1738133395068981
90,1,1,0.385,0.0000000000000000
90,1,2,0.385,0.6490334301546740
90,1,3,0.385,-0.1851994564294723
90,2,0,0.385,-1.2202344362967741
90,2,1,0.385,0.6490334301546740
90,2,2,0.385,0.0000000000000000
90,2,3,0.385,0.1326247383358025
90,3,0,0.385,-0.2500394396563603
90,3,1,0.385,-0.1851994564294723
90,3,2,0.385,0.1326247383358025
90,3,3,0.385,0.0000000000000000
91,0,0,0.400,0.0000000000000000
91,0,1,0.400,1.1449494782046701
91,0,2,0.400,-1.1818042174291243
91,0,3,0.400,-0.2617235778704920
91,1,0,0.400,1.1449494782046701
91,1,1,0.400,0.0000000000000000
91,1,2,0.400,0.6048357883310458
91,1,3,0.400,-0.1421545673607041
91,2,0,0.400,-1.1818042174291243
91,2,1,0.400,0.6048357883310458
91,2,2,0.400,0.0000000000000000
91,2,3,0.400,0.1358952717393726
91,3,0,0.400,-0.2617235778704920
91,3,1,0.400,-0.1421545673607041
91,3,2,0.400,0.1358952717393726
91,3,3,0.400,0.0000000000000000
92,0,0,0.415,0.0000000000000000
92,0,1,0.415,1.1143591186832684
92,0,2,0.415,-1.1458100788190158
92,0,3,0.415,-0.2691368996201771
92,1,0,0.415,1.1143591186832684
92,1,1,0.415,0.0000000000000000
92,1,2,0.415,0.5635613834301054
92,1,3,0.415,-0.1020422759885881
92,2,0,0.415,-1.1458100788190158
92,2,1,0.415,0.5635613834301054
92,2,2,0.415,0.0000000000000000
92,2,3,0.415,0.1390669279291749
92,3,0,0.415,-0.2691368996201771
92,3,1,0.415,-0.1020422759885881
92,3,2,0.415,0.1390669279291749
92,3,3,0.415,0.0000000000000000
93,0,0,0.431,0.0000000000000000
93,0,1,0.431,1.0824649757726128
93,0,2,0.431,-1.1122727906590553
93,0,3,0.431,-0.2724503189121957
93,1,0,0.431,1.0824649757726128
93,1,1,0.431,0.0000000000000000
93,1,2,0.431,0.5255006819285377
93,1,3,0.431,-0.0651791096895389
93,2,0,0.431,-1.1122727906590553
93,2,1,0.431,0.5255006819285377
93,2,2,0.431,0.0000000000000000
93,2,3,0.431,0.1419347371744072
93,3,0,0.431,-0.2724503189121957
93,3,1,0.431,-0.0651791096895389
93,3,2,0.431,0.1419347371744072
93,3,3,0.431,0.0000000000000000
94,0,0,0.446,0.0000000000000000
94,0,1,0.446,1.0499822203260338
94,0,2,0.446,-1.0813238828471647
94,0,3,0.446,-0.2720420672688220
94,1,0,0.446,1.0499822203260338
94,1,1,0.446,0.0000000000000000
94,1,2,0.446,0.4910044445327614
94,1,3,0.446,-0.0319320665254943
94,2,0,0.446,-1.0813238828471647
94,2,1,0.446,0.4910044445327614
94,2,2,0.446,0.0000000000000000
94,2,3,0.446,0.1443095273974536
94,3,0,0.446,-0.2720420672688220
94,3,1,0.446,-0.0319320665254943
94,3,2,0.446,0.1443095273974536
94,3,3,0.446,0.0000000000000000
95,0,0,0.460,0.0000000000000000
95,0,1,0.460,1.0181185717804766
95,0,2,0.460,-1.0533711807111386
95,0,3,0.460,-0.2685770201431166
95,1,0,0.460,1.0181185717804766
95,1,1,0.460,0.0000000000000000
95,1,2,0.460,0.4606139201225310
95,1,3,0.460,-0.0028286819262249
95,2,0,0.460,-1.0533711807111386
95,2,1,0.460,0.4606139201225310
95,2,2,0.460,0.0000000000000000
95,2,3,0.460,0.1460425664922400
95,3,0,0.460,-0.2685770201431166
95,3,1,0.460,-0.0028286819262249
95,3,2,0.460,0.1460425664922400
95,3,3,0.460,0.0000000000000000
96,0,0,0.475,0.0000000000000000
96,0,1,0.475,0.9837296979479421
96,0,2,0.475,-1.0250714016256575
96,0,3,0.475,-0.2621858685088614
96,1,0,0.475,0.9837296979479421
96,1,1,0.475,0.0000000000000000
96,1,2,0.475,0.4308755475444409
96,1,3,0.475,0.0254360576025654
96,2,0,0.475,-1.0250714016256575
96,2,1,0.475,0.4308755475444409
96,2,2,0.475,0.0000000000000000
96,2,3,0.475,0.1472141426543381
96,3,0,0.475,-0.2621858685088614
96,3,1,0.475,0.0254360576025654
96,3,2,0.475,0.1472141426543381
96,3,3,0.475,0.0000000000000000
97,0,0,0.492,0.0000000000000000
97,0,1,0.492,0.9432209424330803
97,0,2,0.492,-0.9934122620804521
97,0,3,0.492,-0.2519069955937001
97,1,0,0.492,0.9432209424330803
97,1,1,0.492,0.0000000000000000
97,1,2,0.492,0.3991113610604461
97,1,3,0.492,0.0553418042147420
97,2,0,0.492,-0.9934122620804521
97,2,1,0.492,0.3991113610604461
97,2,2,0.492,0.0000000000000000
97,2,3,0.492,0.1476433255806514
97,3,0,0.492,-0.2519069955937001
97,3,1,0.492,0.0553418042147420
97,3,2,0.492,0.1476433255806514
97,3,3,0.492,0.0000000000000000
98,0,0,0.514,0.0000000000000000
98,0,1,0.514,0.8915852657455822
98,0,2,0.514,-0.9546383642067360
98,0,3,0.514,-0.2355198946646438
98,1,0,0.514,0.8915852657455822
98,1,1,0.514,0.0000000000000000
98,1,2,0.514,0.3626707636398833
98,1,3,0.514,0.0892162878652678
98,2,0,0.514,-0.9546383642067360
98,2,1,0.514,0.3626707636398833
98,2,2,0.514,0.0000000000000000
98,2,3,0.514,0.1466841172354140
98,3,0,0.514,-0.2355198946646438
98,3,1,0.514,0.0892162878652678
98,3,2,0.514,0.1466841172354140
98,3,3,0.514,0.0000000000000000
99,0,0,0.543,0.0000000000000000
99,0,1,0.543,0.8211867026943980
99,0,2,0.543,-0.9029456249373875
99,0,3,0.543,-0.2089065297590444
99,1,0,0.543,0.8211867026943980
99,1,1,0.543,0.0000000000000000
99,1,2,0.543,0.3185884190006414
99,1,3,0.543,0.1294513712413140
99,2,0,0.543,-0.9029456249373875
99,2,1,0.543,0.3185884190006414
99,2,2,0.543,0.0000000000000000
99,2,3,0.543,0.1426238373748460
99,3,0,0.543,-0.2089065297590444
99,3,1,0.543,0.1294513712413140
99,3,2,0.543,0.1426238373748460
99,3,3,0.543,0.0000000000000000
100,0,0,0.574,0.0000000000000000
100,0,1,0.574,0.7486186425501302
100,0,2,0.574,-0.8497503125440000
100,0,3,0.574,-0.1771641913134269
100,1,0,0.574,0.7486186425501302
100,1,1,0.574,0.0000000000000000
100,1,2,0.574,0.2786930289591154
100,1,3,0.574,0.1649371823502280
100,2,0,0.574,-0.8497503125440000
100,2,1,0.574,0.2786930289591154
100,2,2,0.574,0.0000000000000000
100,2,3,0.574,0.1346638256127209
100,3,0,0.574,-0.1771641913134269
100,3,1,0.574,0.1649371823502280
100,3,2,0.574,0.1346638256127209
100,3,3,0.574,0.0000000000000000
101,0,0,0.605,0.0000000000000000
101,0,1,0.605,0.6792809660756681
101,0,2,0.605,-0.7969874953250449
101,0,3,0.605,-0.1445480576720676
101,1,0,0.605,0.6792809660756681
101,1,1,0.605,0.0000000000000000
101,1,2,0.605,0.2445061931203768
101,1,3,0.605,0.1945724215180067
101,2,0,0.605,-0.7969874953250449
101,2,1,0.605,0.2445061931203768
101,2,2,0.605,0.0000000000000000
101,2,3,0.605,0.1231741478978284
101,3,0,0.605,-0.1445480576720676
101,3,1,0.605,0.1945724215180067
101,3,2,0.605,0.1231741478978284
101,3,3,0.605,0.0000000000000000
102,0,0,0.636,0.0000000000000000
102,0,1,0.636,0.6140190704569166
102,0,2,0.636,-0.7439354828272676
102,0,3,0.636,-0.1134891685817101
102,1,0,0.636,0.6140190704569166
102,1,1,0.636,0.0000000000000000
102,1,2,0.636,0.2150360614950546
102,1,3,0.636,0.2195837187211037
102,2,0,0.636,-0.7439354828272676
102,2,1,0.636,0.2150360614950546
102,2,2,0.636,0.0000000000000000
102,2,3,0.636,0.1087839763506704
102,3,0,0.636,-0.1134891685817101
102,3,1,0.636,0.2195837187211037
102,3,2,0.636,0.1087839763506704
102,3,3,0.636,0.0000000000000000
103,0,0,0.667,0.0000000000000000
103,0,1,0.667,0.5527342553078161
103,0,2,0.667,-0.6899387399255609
103,0,3,0.667,-0.0855009356380787
103,1,0,0.667,0.5527342553078161
103,1,1,0.667,0.0000000000000000
103,1,2,0.667,0.1893898156616491
103,1,3,0.667,0.2410464161821921
103,2,0,0.667,-0.6899387399255609
103,2,1,0.667,0.1893898156616491
103,2,2,0.667,0.0000000000000000
103,2,3,0.667,0.0922673640267498
103,3,0,0.667,-0.0855009356380787
103,3,1,0.667,0.2410464161821921
103,3,2,0.667,0.0922673640267498
103,3,3,0.667,0.0000000000000000
104,0,0,0.700,0.0000000000000000
104,0,1,0.700,0.4947469081574739
104,0,2,0.700,-0.6344758229631030
104,0,3,0.700,-0.0614141334572422
104,1,0,0.700,0.4947469081574739
104,1,1,0.700,0.0000000000000000
104,1,2,0.700,0.1668765848561022
104,1,3,0.700,0.2597975970002665
104,2,0,0.700,-0.6344758229631030
104,2,1,0.700,0.1668765848561022
104,2,2,0.700,0.0000000000000000
104,2,3,0.700,0.0744670420212702
104,3,0,0.700,-0.0614141334572422
104,3,1,0.700,0.2597975970002665
104,3,2,0.700,0.0744670420212702
104,3,3,0.700,0.0000000000000000
105,0,0,0.734,0.0000000000000000
105,0,1,0.734,0.4390254347899440
105,0,2,0.734,-0.5771975508400943
105,0,3,0.734,-0.0415714533060376
105,1,0,0.734,0.4390254347899440
105,1,1,0.734,0.0000000000000000
105,1,2,0.734,0.1470070410929893
105,1,3,0.734,0.2764614316583848
105,2,0,0.734,-0.5771975508400943
105,2,1,0.734,0.1470070410929893
105,2,2,0.734,0.0000000000000000
105,2,3,0.734,0.0562732722195812
105,3,0,0.734,-0.0415714533060376
105,3,1,0.734,0.2764614316583848
105,3,2,0.734,0.0562732722195812
105,3,3,0.734,0.0000000000000000
106,0,0,0.770,0.0000000000000000
106,0,1,0.770,0.3843515417676724
106,0,2,0.770,-0.5179903859861914
106,0,3,0.770,-0.0259442105637324
106,1,0,0.770,0.3843515417676724
106,1,1,0.770,0.0000000000000000
106,1,2,0.770,0.1294658628106235
106,1,3,0.770,0.2914997820064716
106,2,0,0.770,-0.5179903859861914
106,2,1,0.770,0.1294658628106235
106,2,2,0.770,0.0000000000000000
106,2,3,0.770,0.0386155855799238
106,3,0,0.770,-0.0259442105637324
106,3,1,0.770,0.2914997820064716
106,3,2,0.770,0.0386155855799238
106,3,3,0.770,0.0000000000000000
107,0,0,0.809,0.0000000000000000
107,0,1,0.809,0.3295109362250708
107,0,2,0.809,-0.4570891690718057
107,0,3,0.809,-0.0141996728395095
107,1,0,0.809,0.3295109362250708
107,1,1,0.809,0.0000000000000000
107,1,2,0.809,0.1140803419216084
107,1,3,0.809,0.3052597561284209
107,2,0,0.809,-0.4570891690718057
107,2,1,0.809,0.1140803419216084
107,2,2,0.809,0.0000000000000000
107,2,3,0.809,0.0224359832509827
107,3,0,0.809,-0.0141996728395095
107,3,1,0.809,0.3052597561284209
107,3,2,0.809,0.0224359832509827
107,3,3,0.809,0.0000000000000000
108,0,0,0.851,0.0000000000000000
108,0,1,0.851,0.2735895397692581
108,0,2,0.851,-0.3952417701618272
108,0,3,0.851,-0.0057642612218021
108,1,0,0.851,0.2735895397692581
108,1,1,0.851,0.0000000000000000
108,1,2,0.851,0.1007859399727677
108,1,3,0.851,0.3180089457017797
108,2,0,0.851,-0.3952417701618272
108,2,1,0.851,0.1007859399727677
108,2,2,0.851,0.0000000000000000
108,2,3,0.851,0.0086197815545912
108,3,0,0.851,-0.0057642612218021
108,3,1,0.851,0.3180089457017797
108,3,2,0.851,0.0086197815545912
108,3,3,0.851,0.0000000000000000
109,0,0,0.898,0.0000000000000000
109,0,1,0.898,0.2125639358431497
109,0,2,0.898,-0.3297522016612443
109,0,3,0.898,0.0004123193614313
109,1,0,0.898,0.2125639358431497
109,1,1,0.898,0.0000000000000000
109,1,2,0.898,0.0888572788550838
109,1,3,0.898,0.3307296162305819
109,2,0,0.898,-0.3297522016612443
109,2,1,0.898,0.0888572788550838
109,2,2,0.898,0.0000000000000000
109,2,3,0.898,-0.0028127730142349
109,3,0,0.898,0.0004123193614313
109,3,1,0.898,0.3307296162305819
109,3,2,0.898,-0.0028127730142349
109,3,3,0.898,0.0000000000000000
110,0,0,0.947,0.0000000000000000
110,0,1,0.947,0.1511313107983033
110,0,2,0.947,-0.2672528648594679
110,0,3,0.947,0.0044893304643264
110,1,0,0.947,0.1511313107983033
110,1,1,0.947,0.0000000000000000
110,1,2,0.947,0.0792848974404764
110,1,3,0.947,0.3426919983890162
110,2,0,0.947,-0.2672528648594679
110,2,1,0.947,0.0792848974404764
110,2,2,0.947,0.0000000000000000
110,2,3,0.947,-0.0103464966178868
110,3,0,0.947,0.0044893304643264
110,3,1,0.947,0.3426919983890162
110,3,2,0.947,-0.0103464966178868
110,3,3,0.947,0.0000000000000000
111,0,0,0.997,0.0000000000000000
111,0,1,0.997,0.0903619063129383
111,0,2,0.997,-0.2093251441133405
111,0,3,0.997,0.0072503167776710
111,1,0,0.997,0.0903619063129383
111,1,1,0.997,0.0000000000000000
111,1,2,0.997,0.0717709032739194
111,1,3,0.997,0.3541926403967712
111,2,0,0.997,-0.2093251441133405
111,2,1,0.997,0.0717709032739194
111,2,2,0.997,0.0000000000000000
111,2,3,0.997,-0.0142524470331919
111,3,0,0.997,0.0072503167776710
111,3,1,0.997,0.3541926403967712
111,3,2,0.997,-0.0142524470331919
111,3,3,0.997,0.0000000000000000
112,0,0,1.037,0.0000000000000000
112,0,1,1.037,0.0437918593859791
112,0,2,1.037,-0.1678722515722710
112,0,3,1.037,0.0088192480727686
112,1,0,1.037,0.0437918593859791
112,1,1,1.037,0.0000000000000000
112,1,2,1.037,0.0671349558770449
112,1,3,1.037,0.3631230262900535
112,2,0,1.037,-0.1678722515722710
112,2,1,1.037,0.0671349558770449
112,2,2,1.037,0.0000000000000000
112,2,3,1.037,-0.0149986624388076
112,3,0,1.037,0.0088192480727686
112,3,1,1.037,0.3631230262900535
112,3,2,1.037,-0.0149986624388076
112,3,3,1.037,0.0000000000000000
113,0,0,1.077,0.0000000000000000
113,0,1,1.077,-0.0003049780483136
113,0,2,1.077,-0.1307334392369392
113,0,3,1.077,0.0100136065382248
113,1,0,1.077,-0.0003049780483136
113,1,1,1.077,0.0000000000000000
113,1,2,1.077,0.0634061694692003
113,1,3,1.077,0.3718621314562899
113,2,0,1.077,-0.1307334392369392
113,2,1,1.077,0.0634061694692003
113,2,2,1.077,0.0000000000000000
113,2,3,1.077,-0.0142453145636947
113,3,0,1.077,0.0100136065382248
113,3,1,1.077,0.3718621314562899
113,3,2,1.077,-0.0142453145636947
113,3,3,1.077,0.0000000000000000
114,0,0,1.088,0.0000000000000000
114,0,1,1.088,-0.0111221019703517
114,0,2,1.088,-0.1220764549345193
114,0,3,1.088,0.0102662239298883
114,1,0,1.088,-0.0111221019703517
114,1,1,1.088,0.0000000000000000
114,1,2,1.088,0.0626066687000857
114,1,3,1.088,0.3741076929276124
114,2,0,1.088,-0.1220764549345193
114,2,1,1.088,0.0626066687000857
114,2,2,1.088,0.0000000000000000
114,2,3,1.088,-0.0137838530379480
114,3,0,1.088,0.0102662239298883
114,3,1,1.088,0.3741076929276124
114,3,2,1.088,-0.0137838530379480
114,3,3,1.088,0.0000000000000000
115,0,0,1.097,0.0000000000000000
115,0,1,1.097,-0.0212945678203296
115,0,2,1.097,-0.1140443169475332
115,0,3,1.097,0.0104928338580691
115,1,0,1.097,-0.0212945678203296
115,1,1,1.097,0.0000000000000000
115,1,2,1.097,0.0618802769635158
115,1,3,1.097,0.3762477357315910
115,2,0,1.097,-0.1140443169475332
115,2,1,1.097,0.0618802769635158
115,2,2,1.097,0.0000000000000000
115,2,3,1.097,-0.0132837861705458
115,3,0,1.097,0.0104928338580691
115,3,1,1.097,0.3762477357315910
115,3,2,1.097,-0.0132837861705458
115,3,3,1.097,0.0000000000000000
116,0,0,1.108,0.0000000000000000
116,0,1,1.108,-0.0318490179272431
116,0,2,1.108,-0.1058180624277417
116,0,3,1.108,0.0107171743366481
116,1,0,1.108,-0.0318490179272431
116,1,1,1.108,0.0000000000000000
116,1,2,1.108,0.0611507331848563
116,1,3,1.108,0.3784974644900248
116,2,0,1.108,-0.1058180624277417
116,2,1,1.108,0.0611507331848563
116,2,2,1.108,0.0000000000000000
116,2,3,1.108,-0.0127001160417770
116,3,0,1.108,0.0107171743366481
116,3,1,1.108,0.3784974644900248
116,3,2,1.108,-0.0127001160417770
116,3,3,1.108,0.0000000000000000
117,0,0,1.120,0.0000000000000000
117,0,1,1.120,-0.0437973906164494
117,0,2,1.120,-0.0966333275062490
117,0,3,1.120,0.0109583880175802
117,1,0,1.120,-0.0437973906164494
117,1,1,1.120,0.0000000000000000
117,1,2,1.120,0.0603523673860916
117,1,3,1.120,0.3810807213026466
117,2,0,1.120,-0.0966333275062490
117,2,1,1.120,0.0603523673860916
117,2,2,1.120,0.0000000000000000
117,2,3,1.120,-0.0119625829688525
117,3,0,1.120,0.0109583880175802
117,3,1,1.120,0.3810807213026466
117,3,2,1.120,-0.0119625829688525
117,3,3,1.120,0.0000000000000000
118,0,0,1.135,0.0000000000000000
118,0,1,1.135,-0.0584016189576363
118,0,2,1.135,-0.0855868984333183
118,0,3,1.135,0.0112355092657162
118,1,0,1.135,-0.0584016189576363
118,1,1,1.135,0.0000000000000000
118,1,2,1.135,0.0594134025722328
118,1,3,1.135,0.3842914534067189
118,2,0,1.135,-0.0855868984333183
118,2,1,1.135,0.0594134025722328
118,2,2,1.135,0.0000000000000000
118,2,3,1.135,-0.0109536722389459
118,3,0,1.135,0.0112355092657162
118,3,1,1.135,0.3842914534067189
118,3,2,1.135,-0.0109536722389459
118,3,3,1.135,0.0000000000000000
119,0,0,1.156,0.0000000000000000
119,0,1,1.156,-0.0774557837635665
119,0,2,1.156,-0.0714670774840597
119,0,3,1.156,0.0115689379414589
119,1,0,1.156,-0.0774557837635665
119,1,1,1.156,0.0000000000000000
119,1,2,1.156,0.0582447091017083
119,1,3,1.156,0.3885707351415483
119,2,0,1.156,-0.0714670774840597
119,2,1,1.156,0.0582447091017083
119,2,2,1.156,0.0000000000000000
119,2,3,1.156,-0.0094633453223219
119,3,0,1.156,0.0115689379414589
119,3,1,1.156,0.3885707351415483
119,3,2,1.156,-0.0094633453223219
119,3,3,1.156,0.0000000000000000
120,0,0,1.187,0.0000000000000000
120,0,1,1.187,-0.1035979658733209
120,0,2,1.187,-0.0526320566558273
120,0,3,1.187,0.0119767796290381
120,1,0,1.187,-0.1035979658733209
120,1,1,1.187,0.0000000000000000
120,1,2,1.187,0.0567365356288824
120,1,3,1.187,0.3946145634635643
120,2,0,1.187,-0.0526320566558273
120,2,1,1.187,0.0567365356288824
120,2,2,1.187,0.0000000000000000
120,2,3,1.187,-0.0070996805775690
120,3,0,1.187,0.0119767796290381
120,3,1,1.187,0.3946145634635643
120,3,2,1.187,-0.0070996805775690
120,3,3,1.187,0.0000000000000000
121,0,0,1.232,0.0000000000000000
121,0,1,1.232,-0.1387814867502269
121,0,2,1.232,-0.0283068186644070
121,0,3,1.232,0.0124384755189178
121,1,0,1.232,-0.1387814867502269
121,1,1,1.232,0.0000000000000000
121,1,2,1.232,0.0548672994521543
121,1,3,1.232,0.4030917042866962
121,2,0,1.232,-0.0283068186644070
121,2,1,1.232,0.0548672994521543
121,2,2,1.232,0.0000000000000000
121,2,3,1.232,-0.0033109982283670
121,3,0,1.232,0.0124384755189178
121,3,1,1.232,0.4030917042866962
121,3,2,1.232,-0.0033109982283670
121,3,3,1.232,0.0000000000000000
122,0,0,1.282,0.0000000000000000
122,0,1,1.282,-0.1727009411078544
122,0,2,1.282,-0.0062164651042250
122,0,3,1.282,0.0127878680483615
122,1,0,1.282,-0.1727009411078544
122,1,1,1.282,0.0000000000000000
122,1,2,1.282,0.0532426409350664
122,1,3,1.282,0.4117561021810920
122,2,0,1.282,-0.0062164651042250
122,2,1,1.282,0.0532426409350664
122,2,2,1.282,0.0000000000000000
122,2,3,1.282,0.0011289706623269
122,3,0,1.282,0.0127878680483615
122,3,1,1.282,0.4117561021810920
122,3,2,1.282,0.0011289706623269
122,3,3,1.282,0.0000000000000000
123,0,0,1.341,0.0000000000000000
123,0,1,1.341,-0.2051179698009049
123,0,2,1.341,0.0135615256289818
123,0,3,1.341,0.0130365747919643
123,1,0,1.341,-0.2051179698009049
123,1,1,1.341,0.0000000000000000
123,1,2,1.341,0.0518296560338909
123,1,3,1.341,0.4204984638968836
123,2,0,1.341,0.0135615256289818
123,2,1,1.341,0.0518296560338909
123,2,2,1.341,0.0000000000000000
123,2,3,1.341,0.0061899250639518
123,3,0,1.341,0.0130365747919643
123,3,1,1.341,0.4204984638968836
123,3,2,1.341,0.0061899250639518
123,3,3,1.341,0.0000000000000000
124,0,0,1.400,0.0000000000000000
124,0,1,1.400,-0.2308649833242583
124,0,2,1.400,0.0281964456349414
124,0,3,1.400,0.0131719687923346
124,1,0,1.400,-0.2308649833242583
124,1,1,1.400,0.0000000000000000
124,1,2,1.400,0.0507954644292542
124,1,3,1.400,0.4277543157735181
124,2,0,1.400,0.0281964456349414
124,2,1,1.400,0.0507954644292542
124,2,2,1.400,0.0000000000000000
124,2,3,1.400,0.0109449643089774
124,3,0,1.400,0.0131719687923346
124,3,1,1.400,0.4277543157735181
124,3,2,1.400,0.0109449643089774
124,3,3,1.400,0.0000000000000000
125,0,0,1.464,0.0000000000000000
125,0,1,1.464,-0.2520349640697315
125,0,2,1.464,0.0395327632130820
125,0,3,1.464,0.0132398973729078
125,1,0,1.464,-0.2520349640697315
125,1,1,1.464,0.0000000000000000
125,1,2,1.464,0.0499875131816319
125,1,3,1.464,0.4337425523792404
125,2,0,1.464,0.0395327632130820
125,2,1,1.464,0.0499875131816319
125,2,2,1.464,0.0000000000000000
125,2,3,1.464,0.0155304135376369
125,3,0,1.464,0.0132398973729078
125,3,1,1.464,0.4337425523792404
125,3,2,1.464,0.0155304135376369
125,3,3,1.464,0.0000000000000000
126,0,0,1.534,0.0000000000000000
126,0,1,1.534,-0.2684010912103764
126,0,2,1.534,0.0479507245975339
126,0,3,1.534,0.0132609710166179
126,1,0,1.534,-0.2684010912103764
126,1,1,1.534,0.0000000000000000
126,1,2,1.534,0.0493721451057747
126,1,3,1.534,0.4380231354141092
126,2,0,1.534,0.0479507245975339
126,2,1,1.534,0.0493721451057747
126,2,2,1.534,0.0000000000000000
126,2,3,1.534,0.0197922906911082
126,3,0,1.534,0.0132609710166179
126,3,1,1.534,0.4380231354141092
126,3,2,1.534,0.0197922906911082
126,3,3,1.534,0.0000000000000000
127,0,0,1.612,0.0000000000000000
127,0,1,1.612,-0.2798356101881510
127,0,2,1.612,0.0539162406662495
127,0,3,1.612,0.0132530147568761
127,1,0,1.612,-0.2798356101881510
127,1,1,1.612,0.0000000000000000
127,1,2,1.612,0.0489180820944696
127,1,3,1.612,0.4401100090921118
127,2,0,1.612,0.0539162406662495
127,2,1,1.612,0.0489180820944696
127,2,2,1.612,0.0000000000000000
127,2,3,1.612,0.0236364391932114
127,3,0,1.612,0.0132530147568761
127,3,1,1.612,0.4401100090921118
127,3,2,1.612,0.0236364391932114
127,3,3,1.612,0.0000000000000000
128,0,0,1.700,0.0000000000000000
128,0,1,1.700,-0.2861791300020147
128,0,2,1.700,0.0578914351104485
128,0,3,1.700,0.0132304646272252
128,1,0,1.700,-0.2861791300020147
128,1,1,1.700,0.0000000000000000
128,1,2,1.700,0.0485985658059034
128,1,3,1.700,0.4394446288520240
128,2,0,1.700,0.0578914351104485
128,2,1,1.700,0.0485985658059034
128,2,2,1.700,0.0000000000000000
128,2,3,1.700,0.0270122112211811
128,3,0,1.700,0.0132304646272252
128,3,1,1.700,0.4394446288520240
128,3,2,1.700,0.0270122112211811
128,3,3,1.700,0.0000000000000000
129,0,0,1.799,0.0000000000000000
129,0,1,1.799,-0.2872655775089783
129,0,2,1.799,0.0603214292370436
129,0,3,1.799,0.0132042047014943
129,1,0,1.799,-0.2872655775089783
129,1,1,1.799,0.0000000000000000
129,1,2,1.799,0.0483882441606591
129,1,3,1.799,0.4354280524081993
129,2,0,1.799,0.0603214292370436
129,2,1,1.799,0.0483882441606591
129,2,2,1.799,0.0000000000000000
129,2,3,1.799,0.0299218226163494
129,3,0,1.799,0.0132042047014943
129,3,1,1.799,0.4354280524081993
129,3,2,1.799,0.0299218226163494
129,3,3,1.799,0.0000000000000000
130,0,0,1.912,0.0000000000000000
130,0,1,1.912,-0.2829384466932537
130,0,2,1.912,0.0616039032721423
130,0,3,1.912,0.0131812646750223
130,1,0,1.912,-0.2829384466932537
130,1,1,1.912,0.0000000000000000
130,1,2,1.912,0.0482619602195954
130,1,3,1.912,0.4274709250004426
130,2,0,1.912,0.0616039032721423
130,2,1,1.912,0.0482619602195954
130,2,2,1.912,0.0000000000000000
130,2,3,1.912,0.0324185691408186
130,3,0,1.912,0.0131812646750223
130,3,1,1.912,0.4274709250004426
130,3,2,1.912,0.0324185691408186
130,3,3,1.912,0.0000000000000000
131,0,0,2.041,0.0000000000000000
131,0,1,2.041,-0.2730749651968328
131,0,2,2.041,0.0620612913839520
131,0,3,2.041,0.0131648678773327
131,1,0,2.041,-0.2730749651968328
131,1,1,2.041,0.0000000000000000
131,1,2,2.041,0.0481951056154793
131,1,3,2.041,0.4150595205655075
131,2,0,2.041,0.0620612913839520
131,2,1,2.041,0.0481951056154793
131,2,2,2.041,0.0000000000000000
131,2,3,2.041,0.0345923553693286
131,3,0,2.041,0.0131648678773327
131,3,1,2.041,0.4150595205655075
131,3,2,2.041,0.0345923553693286
131,3,3,2.041,0.0000000000000000
132,0,0,2.189,0.0000000000000000
132,0,1,2.189,-0.2576111620404412
132,0,2,2.189,0.0619285215111493
132,0,3,2.189,0.0131551453657373
132,1,0,2.189,-0.2576111620404412
132,1,1,2.189,0.0000000000000000
132,1,2,2.189,0.0481654112179655
132,1,3,2.189,0.3978161067761735
132,2,0,2.189,0.0619285215111493
132,2,1,2.189,0.0481654112179655
132,2,2,2.189,0.0000000000000000
132,2,3,2.189,0.0365441527841831
132,3,0,2.189,0.0131551453657373
132,3,1,2.189,0.3978161067761735
132,3,2,2.189,0.0365441527841831
132,3,3,2.189,0.0000000000000000
133,0,0,2.360,0.0000000000000000
133,0,1,2.360,-0.2365560152042198
133,0,2,2.360,0.0613626230902268
133,0,3,2.360,0.0131504300731454
133,1,0,2.360,-0.2365560152042198
133,1,1,2.360,0.0000000000000000
133,1,2,2.360,0.0481552436715117
133,1,3,2.360,0.3755265799302176
133,2,0,2.360,0.0613626230902268
133,2,1,2.360,0.0481552436715117
133,2,2,2.360,0.0000000000000000
133,2,3,2.360,0.0383593140538855
133,3,0,2.360,0.0131504300731454
133,3,1,2.360,0.3755265799302176
133,3,2,2.360,0.0383593140538855
133,3,3,2.360,0.0000000000000000
134,0,0,2.562,0.0000000000000000
134,0,1,2.562,-0.2099942947876664
134,0,2,2.562,0.0604679022939724
134,0,3,2.562,0.0131486290321142
134,1,0,2.562,-0.2099942947876664
134,1,1,2.562,0.0000000000000000
134,1,2,2.562,0.0481530245775789
134,1,3,2.562,0.3481308370151719
134,2,0,2.562,0.0604679022939724
134,2,1,2.562,0.0481530245775789
134,2,2,2.562,0.0000000000000000
134,2,3,2.562,0.0400920774835964
134,3,0,2.562,0.0131486290321142
134,3,1,2.562,0.3481308370151719
134,3,2,2.562,0.0400920774835964
134,3,3,2.562,0.0000000000000000
135,0,0,2.802,0.0000000000000000
135,0,1,2.802,-0.1780980754556721
135,0,2,2.802,0.0593226628173844
135,0,3,2.802,0.0131481260789393
135,1,0,2.802,-0.1780980754556721
135,1,1,2.802,0.0000000000000000
135,1,2,2.802,0.0481529062637722
135,1,3,2.802,0.3157059450225632
135,2,0,2.802,0.0593226628173844
135,2,1,2.802,0.0481529062637722
135,2,2,2.802,0.0000000000000000
135,2,3,2.802,0.0417666108877804
135,3,0,2.802,0.0131481260789393
135,3,1,2.802,0.3157059450225632
135,3,2,2.802,0.0417666108877804
135,3,3,2.802,0.0000000000000000
136,0,0,3.070,0.0000000000000000
136,0,1,3.070,-0.1444397580293353
136,0,2,3.070,0.0581100844557152
136,0,3,3.070,0.0131480412193067
136,1,0,3.070,-0.1444397580293353
136,1,1,3.070,0.0000000000000000
136,1,2,3.070,0.0481529554974134
136,1,3,3.070,0.2817701719598262
136,2,0,3.070,0.0581100844557152
136,2,1,3.070,0.0481529554974134
136,2,2,3.070,0.0000000000000000
136,2,3,3.070,0.0432566805118413
136,3,0,3.070,0.0131480412193067
136,3,1,3.070,0.2817701719598262
136,3,2,3.070,0.0432566805118413
136,3,3,3.070,0.0000000000000000
137,0,0,3.371,0.0000000000000000
137,0,1,3.371,-0.1102996691036933
137,0,2,3.371,0.0569119839526940
137,0,3,3.371,0.0131480315271143
137,1,0,3.371,-0.1102996691036933
137,1,1,3.371,0.0000000000000000
137,1,2,3.371,0.0481529584156996
137,1,3,3.371,0.2475002910750302
137,2,0,3.371,0.0569119839526940
137,2,1,3.371,0.0481529584156996
137,2,2,3.371,0.0000000000000000
137,2,3,3.371,0.0445845797479226
137,3,0,3.371,0.0131480315271143
137,3,1,3.371,0.2475002910750302
137,3,2,3.371,0.0445845797479226
137,3,3,3.371,0.0000000000000000
138,0,0,3.711,0.0000000000000000
138,0,1,3.711,-0.0767673558990588
138,0,2,3.711,0.0557775296008493
138,0,3,3.711,0.0131480309058927
138,1,0,3.711,-0.0767673558990588
138,1,1,3.711,0.0000000000000000
138,1,2,3.711,0.0481529571666365
138,1,3,3.711,0.2139160431617322
138,2,0,3.711,0.0557775296008493
138,2,1,3.711,0.0481529571666365
138,2,2,3.711,0.0000000000000000
138,2,3,3.711,0.0457709706787155
138,3,0,3.711,0.0131480309058927
138,3,1,3.711,0.2139160431617322
138,3,2,3.711,0.0457709706787155
138,3,3,3.711,0.0000000000000000
139,0,0,4.096,0.0000000000000000
139,0,1,4.096,-0.0449120250501818
139,0,2,4.096,0.0547402470737246
139,0,3,4.096,0.0131480308919810
139,1,0,4.096,-0.0449120250501818
139,1,1,4.096,0.0000000000000000
139,1,2,4.096,0.0481529570635545
139,1,3,4.096,0.1820438155460234
139,2,0,4.096,0.0547402470737246
139,2,1,4.096,0.0481529570635545
139,2,2,4.096,0.0000000000000000
139,2,3,4.096,0.0468251500896655
139,3,0,4.096,0.0131480308919810
139,3,1,4.096,0.1820438155460234
139,3,2,4.096,0.0468251500896655
139,3,3,4.096,0.0000000000000000
140,0,0,4.534,0.0000000000000000
140,0,1,4.534,-0.0157399417050013
140,0,2,4.534,0.0538249805380916
140,0,3,4.534,0.0131480308919810
140,1,0,4.534,-0.0157399417050013
140,1,1,4.534,0.0000000000000000
140,1,2,4.534,0.0481529570635545
140,1,3,4.534,0.1528674799977632
140,2,0,4.534,0.0538249805380916
140,2,1,4.534,0.0481529570635545
140,2,2,4.534,0.0000000000000000
140,2,3,4.534,0.0477446688283784
140,3,0,4.534,0.0131480308919810
140,3,1,4.534,0.1528674799977632
140,3,2,4.534,0.0477446688283784
140,3,3,4.534,0.0000000000000000
141,0,0,4.886,0.0000000000000000
141,0,1,4.886,0.0024512257403734
141,0,2,4.886,0.0532732217040203
141,0,3,4.886,0.0131480308919810
141,1,0,4.886,0.0024512257403734
141,1,1,4.886,0.0000000000000000
141,1,2,4.886,0.0481529570635545
141,1,3,4.886,0.1346756745687033
141,2,0,4.886,0.0532732217040203
141,2,1,4.886,0.0481529570635545
141,2,2,4.886,0.0000000000000000
141,2,3,4.886,0.0482970656461348
141,3,0,4.886,0.0131480308919810
141,3,1,4.886,0.1346756745687033
141,3,2,4.886,0.0482970656461348
141,3,3,4.886,0.0000000000000000
142,0,0,5.115,0.0000000000000000
142,0,1,5.115,0.0122182555606787
142,0,2,5.115,0.0529842003480079
142,0,3,5.115,0.0131480308919810
142,1,0,5.115,0.0122182555606787
142,1,1,5.115,0.0000000000000000
142,1,2,5.115,0.0481529570635545
142,1,3,5.115,0.1249085115594150
142,2,0,5.115,0.0529842003480079
142,2,1,5.115,0.0481529570635545
142,2,2,5.115,0.0000000000000000
142,2,3,5.115,0.0485862201911301
142,3,0,5.115,0.0131480308919810
142,3,1,5.115,0.1249085115594150
142,3,2,5.115,0.0485862201911301
142,3,3,5.115,0.0000000000000000
143,0,0,5.345,0.0000000000000000
143,0,1,5.345,0.0208218063906783
143,0,2,5.345,0.0527339852536225
143,0,3,5.345,0.0131480308919810
143,1,0,5.345,0.0208218063906783
143,1,1,5.345,0.0000000000000000
143,1,2,5.345,0.0481529570635545
143,1,3,5.345,0.1163048946115319
143,2,0,5.345,0.0527339852536225
143,2,1,5.345,0.0481529570635545
143,2,2,5.345,0.0000000000000000
143,2,3,5.345,0.0488365014033991
143,3,0,5.345,0.0131480308919810
143,3,1,5.345,0.1163048946115319
143,3,2,5.345,0.0488365014033991
143,3,3,5.345,0.0000000000000000
144,0,0,5.598,0.0000000000000000
144,0,1,5.598,0.0291395734511358
144,0,2,5.598,0.0524964011528459
144,0,3,5.598,0.0131480308919810
144,1,0,5.598,0.0291395734511358
144,1,1,5.598,0.0000000000000000
144,1,2,5.598,0.0481529570635545
144,1,3,5.598,0.1079870915719916
144,2,0,5.598,0.0524964011528459
144,2,1,5.598,0.0481529570635545
144,2,2,5.598,0.0000000000000000
144,2,3,5.598,0.0490741214832584
144,3,0,5.598,0.0131480308919810
144,3,1,5.598,0.1079870915719916
144,3,2,5.598,0.0490741214832584
144,3,3,5.598,0.0000000000000000
145,0,0,5.903,0.0000000000000000
145,0,1,5.903,0.0377682604006241
145,0,2,5.903,0.0522550528925532
145,0,3,5.903,0.0131480308919810
145,1,0,5.903,0.0377682604006241
145,1,1,5.903,0.0000000000000000
145,1,2,5.903,0.0481529570635545
145,1,3,5.903,0.0993583850423924
145,2,0,5.903,0.0522550528925532
145,2,1,5.903,0.0481529570635545
145,2,2,5.903,0.0000000000000000
145,2,3,5.903,0.0493154893236621
145,3,0,5.903,0.0131480308919810
145,3,1,5.903,0.0993583850423924
145,3,2,5.903,0.0493154893236621
145,3,3,5.903,0.0000000000000000
146,0,0,6.298,0.0000000000000000
146,0,1,6.298,0.0471316416190189
146,0,2,6.298,0.0520002409247832
146,0,3,6.298,0.0131480308919810
146,1,0,6.298,0.0471316416190189
146,1,1,6.298,0.0000000000000000
146,1,2,6.298,0.0481529570635545
146,1,3,6.298,0.0899949943373570
146,2,0,6.298,0.0520002409247832
146,2,1,6.298,0.0481529570635545
146,2,2,6.298,0.0000000000000000
146,2,3,6.298,0.0495703107780728
146,3,0,6.298,0.0131480308919810
146,3,1,6.298,0.0899949943373570
146,3,2,6.298,0.0495703107780728
146,3,3,6.298,0.0000000000000000
147,0,0,6.853,0.0000000000000000
147,0,1,6.853,0.0573899851897626
147,0,2,6.853,0.0517322559694574
147,0,3,6.853,0.0131480308919810
147,1,0,6.853,0.0573899851897626
147,1,1,6.853,0.0000000000000000
147,1,2,6.853,0.0481529570635545
147,1,3,6.853,0.0797366474290347
147,2,0,6.853,0.0517322559694574
147,2,1,6.853,0.0481529570635545
147,2,2,6.853,0.0000000000000000
147,2,3,6.853,0.0498382990709771
147,3,0,6.853,0.0131480308919810
147,3,1,6.853,0.0797366474290347
147,3,2,6.853,0.0498382990709771
147,3,3,6.853,0.0000000000000000
148,0,0,7.591,0.0000000000000000
148,0,1,7.591,0.0669863377689610
148,0,2,7.591,0.0514984394929033
148,0,3,7.591,0.0131480308919810
148,1,0,7.591,0.0669863377689610
148,1,1,7.591,0.0000000000000000
148,1,2,7.591,0.0481529570635545
148,1,3,7.591,0.0701402943654693
148,2,0,7.591,0.0514984394929033
148,2,1,7.591,0.0481529570635545
148,2,2,7.591,0.0000000000000000
148,2,3,7.591,0.0500721160318982
148,3,0,7.591,0.0131480308919810
148,3,1,7.591,0.0701402943654693
148,3,2,7.591,0.0500721160318982
148,3,3,7.591,0.0000000000000000
149,0,0,8.647,0.0000000000000000
149,0,1,8.647,0.0753890073336235
149,0,2,8.647,0.0513182979750974
149,0,3,8.647,0.0131480308919810
149,1,0,8.647,0.0753890073336235
149,1,1,8.647,0.0000000000000000
149,1,2,8.647,0.0481529570635545
149,1,3,8.647,0.0617376248008068
149,2,0,8.647,0.0513182979750974
149,2,1,8.647,0.0481529570635545
149,2,2,8.647,0.0000000000000000
149,2,3,8.647,0.0502522575497041
149,3,0,8.647,0.0131480308919810
149,3,1,8.647,0.0617376248008068
149,3,2,8.647,0.0502522575497041
149,3,3,8.647,0.0000000000000000
150,0,0,10.232,0.0000000000000000
150,0,1,10.232,0.0813983471770762
150,0,2,10.232,0.0512223616745443
150,0,3,10.232,0.0131480308919810
150,1,0,10.232,0.0813983471770762
150,1,1,10.232,0.0000000000000000
150,1,2,10.232,0.0481529570635545
150,1,3,10.232,0.0557282849573541
150,2,0,10.232,0.0512223616745443
150,2,1,10.232,0.0481529570635545
150,2,2,10.232,0.0000000000000000
150,2,3,10.232,0.0503481938502573
150,3,0,10.232,0.0131480308919810
150,3,1,10.232,0.0557282849573541
150,3,2,10.232,0.0503481938502573
150,3,3,10.232,0.0000000000000000
151,0,0,12.210,0.0000000000000000
151,0,1,12.210,0.0838558846799052
151,0,2,12.210,0.0512070239960730
151,0,3,12.210,0.0131480308919810
151,1,0,12.210,0.0838558846799052
151,1,1,12.210,0.0000000000000000
151,1,2,12.210,0.0481529570635545
151,1,3,12.210,0.0532707474545250
151,2,0,12.210,0.0512070239960730
151,2,1,12.210,0.0481529570635545
151,2,2,12.210,0.0000000000000000
151,2,3,12.210,0.0503635315287286
151,3,0,12.210,0.0131480308919810
151,3,1,12.210,0.0532707474545250
151,3,2,12.210,0.0503635315287286
151,3,3,12.210,0.0000000000000000
152,0,0,14.878,0.0000000000000000
152,0,1,14.878,0.0845820643870386
152,0,2,14.878,0.0512106001740804
152,0,3,14.878,0.0131480308919810
152,1,0,14.878,0.0845820643870386
152,1,1,14.878,0.0000000000000000
152,1,2,14.878,0.0481529570635545
152,1,3,14.878,0.0525445677473917
152,2,0,14.878,0.0512106001740804
152,2,1,14.878,0.0481529570635545
152,2,2,14.878,0.0000000000000000
152,2,3,14.878,0.0503599553507212
152,3,0,14.878,0.0131480308919810
152,3,1,14.878,0.0525445677473917
152,3,2,14.878,0.0503599553507212
152,3,3,14.878,0.0000000000000000
153,0,0,18.742,0.0000000000000000
153,0,1,18.742,0.0846539636713334
153,0,2,18.742,0.0512118943284887
153,0,3,18.742,0.0131480308919810
153,1,0,18.742,0.0846539636713334
153,1,1,18.742,0.0000000000000000
153,1,2,18.742,0.0481529570635545
153,1,3,18.742,0.0524726684630968
153,2,0,18.742,0.0512118943284887
153,2,1,18.742,0.0481529570635545
153,2,2,18.742,0.0000000000000000
153,2,3,18.742,0.0503586611963128
153,3,0,18.742,0.0131480308919810
153,3,1,18.742,0.0524726684630968
153,3,2,18.742,0.0503586611963128
153,3,3,18.742,0.0000000000000000
154,0,0,24.539,0.0000000000000000
154,0,1,24.539,0.0846541926677070
154,0,2,24.539,0.0512118856928971
154,0,3,24.539,0.0131480308919810
154,1,0,24.539,0.0846541926677070
154,1,1,24.539,0.0000000000000000
154,1,2,24.539,0.0481529570635545
154,1,3,24.539,0.0524724394667233
154,2,0,24.539,0.0512118856928971
154,2,1,24.539,0.0481529570635545
154,2,2,24.539,0.0000000000000000
154,2,3,24.539,0.0503586698319044
154,3,0,24.539,0.0131480308919810
154,3,1,24.539,0.0524724394667233
154,3,2,24.539,0.0503586698319044
154,3,3,24.539,0.0000000000000000
155,0,0,33.233,0.0000000000000000
155,0,1,33.233,0.0846544808473068
155,0,2,33.233,0.0512119082471654
155,0,3,33.233,0.0131480308919810
155,1,0,33.233,0.0846544808473068
155,1,1,33.233,0.0000000000000000
155,1,2,33.233,0.0481529570635545
155,1,3,33.233,0.0524721512871235
155,2,0,33.233,0.0512119082471654
155,2,1,33.233,0.0481529570635545
155,2,2,33.233,0.0000000000000000
155,2,3,33.233,0.0503586472776361
155,3,0,33.233,0.0131480308919810
155,3,1,33.233,0.0524721512871235
155,3,2,33.233,0.0503586472776361
155,3,3,33.233,0.0000000000000000
156,0,0,46.275,0.0000000000000000
156,0,1,46.275,0.0846581256211428
156,0,2,46.275,0.0512121789990972
156,0,3,46.275,0.0131480308919810
156,1,0,46.275,0.0846581256211428
156,1,1,46.275,0.0000000000000000
156,1,2,46.275,0.0481529570635545
156,1,3,46.275,0.0524685065132875
156,2,0,46.275,0.0512121789990972
156,2,1,46.275,0.0481529570635545
156,2,2,46.275,0.0000000000000000
156,2,3,46.275,0.0503583765257043
156,3,0,46.275,0.0131480308919810
156,3,1,46.275,0.0524685065132875
156,3,2,46.275,0.0503583765257043
156,3,3,46.275,0.0000000000000000
157,0,0,60.000,0.0000000000000000
157,0,1,60.000,0.0847001964242979
157,0,2,60.000,0.0512148122328292
157,0,3,60.000,0.0131480308919810
157,1,0,60.000,0.0847001964242979
157,1,1,60.000,0.0000000000000000
157,1,2,60.000,0.0481529570635545
157,1,3,60.000,0.0524264357101324
157,2,0,60.000,0.0512148122328292
157,2,1,60.000,0.0481529570635545
157,2,2,60.000,0.0000000000000000
157,2,3,60.000,0.0503557432919723
157,3,0,60.000,0.0131480308919810
157,3,1,60.000,0.0524264357101324
157,3,2,60.000,0.0503557432919723
157,3,3,60.000,0.0000000000000000
