581,4,time,val
0,0,0.000,1.000000000000
0,1,0.000,-0.737368878078
0,2,0.000,0.087425724717
0,3,0.000,0.608438860979
1,0,0.000,1.000347421324
1,1,0.000,-0.737881252710
1,2,0.000,0.087486476811
1,3,0.000,0.608543062192
2,0,0.000,1.000868456981
2,1,0.000,-0.738649852275
2,2,0.000,0.087577735415
2,3,0.000,0.608699367497
3,0,0.000,1.001649792421
3,1,0.000,-0.739802834518
3,2,0.000,0.087714916486
3,3,0.000,0.608933833229
4,0,0.001,1.002821300579
4,1,0.001,-0.741532488503
4,2,0.001,0.087921346453
4,3,0.001,0.609285549088
5,0,0.001,1.004577434213
5,1,0.001,-0.744127355948
5,2,0.001,0.088232468420
5,3,0.001,0.609813160932
6,0,0.002,1.007209045224
6,1,0.002,-0.748020459315
6,2,0.002,0.088702460012
6,3,0.002,0.610604661696
7,0,0.003,1.011150466595
7,1,0.003,-0.753861691430
7,2,0.003,0.089414841694
7,3,0.003,0.611792090758
8,0,0.005,1.017048540316
8,1,0.005,-0.762626316196
8,2,0.005,0.090499878434
8,3,0.005,0.613573605063
9,0,0.007,1.025862103233
9,1,0.007,-0.775776883148
9,2,0.007,0.092163875759
9,3,0.007,0.616246611774
10,0,0.011,1.039000528190
10,1,0.011,-0.795502009744
10,2,0.011,0.094739741199
10,3,0.011,0.620257447973
11,0,0.017,1.058502324856
11,1,0.017,-0.825057835868
11,2,0.017,0.098775611418
11,3,0.017,0.626275607211
12,0,0.024,1.082701617519
12,1,0.024,-0.862246049517
12,2,0.024,0.104174611943
12,3,0.024,0.633865527673
13,0,0.032,1.106346387705
13,1,0.032,-0.899213286745
13,2,0.032,0.109926491962
13,3,0.032,0.641436114695
14,0,0.039,1.129414814838
14,1,0.039,-0.935925987494
14,2,0.039,0.116004101150
14,3,0.039,0.649002779124
15,0,0.046,1.151891322491
15,1,0.046,-0.972359961496
15,2,0.046,0.122380580469
15,3,0.046,0.656583766154
16,0,0.053,1.173760673339
16,1,0.053,-1.008491422862
16,2,0.053,0.129027854423
16,3,0.053,0.664198602718
17,0,0.061,1.195007962050
17,1,0.061,-1.044296942129
17,2,0.061,0.135916263315
17,3,0.061,0.671868424382
18,0,0.068,1.215618660472
18,1,0.068,-1.079753456343
18,2,0.068,0.143014126901
18,3,0.068,0.679616376588
19,0,0.076,1.235578695554
19,1,0.076,-1.114838301453
19,2,0.076,0.150287211886
19,3,0.076,0.687468101630
20,0,0.084,1.254874576226
20,1,0.084,-1.149529286222
20,2,0.084,0.157698077147
20,3,0.084,0.695452340467
21,0,0.092,1.273493593280
21,1,0.092,-1.183804839920
21,2,0.092,0.165205263450
21,3,0.092,0.703601690807
22,0,0.100,1.291424081648
22,1,0.100,-1.217644199699
22,2,0.100,0.172762265136
22,3,0.100,0.711953560534
23,0,0.108,1.308655813056
23,1,0.108,-1.251027739304
23,2,0.108,0.180316227743
23,3,0.108,0.720551406123
24,0,0.117,1.325180504594
24,1,0.117,-1.283937382452
24,2,0.117,0.187806248701
24,3,0.117,0.729446336775
25,0,0.126,1.340992547853
25,1,0.126,-1.316357253939
25,2,0.126,0.195161153548
25,3,0.126,0.738699260156
26,0,0.135,1.354465482243
26,1,0.135,-1.344819257967
26,2,0.135,0.201534425787
26,3,0.135,0.747315057554
27,0,0.144,1.366986546272
27,1,0.144,-1.372027637426
27,2,0.144,0.207476933573
27,3,0.144,0.756059865199
28,0,0.153,1.378610683509
28,1,0.153,-1.398013677250
28,2,0.153,0.212934320971
28,3,0.153,0.764964380387
29,0,0.162,1.389404683830
29,1,0.162,-1.422835010805
29,2,0.162,0.217856150741
29,3,0.162,0.774069883852
30,0,0.171,1.399432898250
30,1,0.171,-1.446545045650
30,2,0.171,0.222188184763
30,3,0.171,0.783419670255
31,0,0.181,1.408758231132
31,1,0.181,-1.469194179385
31,2,0.181,0.225871813213
31,3,0.181,0.793059842658
32,0,0.191,1.417442757817
32,1,0.191,-1.490830354340
32,2,0.191,0.228843322277
32,3,0.191,0.803039981864
33,0,0.201,1.425548230168
33,1,0.201,-1.511499505770
33,2,0.201,0.231033099464
33,3,0.201,0.813413883756
34,0,0.212,1.433136474688
34,1,0.212,-1.531245918410
34,2,0.212,0.232364749149
34,3,0.212,0.824240402191
35,0,0.223,1.440269689331
35,1,0.223,-1.550112516648
35,2,0.223,0.232754076407
35,3,0.223,0.835584458528
36,0,0.234,1.447010646240
36,1,0.234,-1.568141117756
36,2,0.234,0.232107865758
36,3,0.234,0.847518313375
37,0,0.247,1.453422834380
37,1,0.247,-1.585372738268
37,2,0.247,0.230322319094
37,3,0.247,0.860123292412
38,0,0.260,1.459570572381
38,1,0.260,-1.601848001294
38,2,0.260,0.227280896787
38,3,0.260,0.873492239744
39,0,0.273,1.465519209360
39,1,0.273,-1.617607851348
39,2,0.273,0.222851079805
39,3,0.273,0.887733269801
40,0,0.288,1.471335622588
40,1,0.288,-1.632694876068
40,2,0.288,0.216879104790
40,3,0.288,0.902975856307
41,0,0.303,1.477089459005
41,1,0.303,-1.647155854022
41,2,0.303,0.209180730334
41,3,0.303,0.919381372299
42,0,0.320,1.482856120502
42,1,0.320,-1.661046908441
42,2,0.320,0.199523722526
42,3,0.320,0.937162773031
43,0,0.338,1.488723979541
43,1,0.338,-1.674444739159
43,2,0.338,0.187591319844
43,3,0.338,0.956625147391
44,0,0.359,1.494813274122
44,1,0.359,-1.687474598652
44,2,0.359,0.172894809704
44,3,0.359,0.978262222443
45,0,0.375,1.499618102698
45,1,0.375,-1.697037795354
45,2,0.375,0.159439593533
45,3,0.375,0.996475806741
46,0,0.391,1.503911730197
46,1,0.391,-1.705062083356
46,2,0.391,0.146067579319
46,3,0.391,1.013578481457
47,0,0.408,1.508162416617
47,1,0.408,-1.712543656866
47,2,0.408,0.131605148407
47,3,0.408,1.031271799459
48,0,0.424,1.512139919573
48,1,0.424,-1.719132780163
48,2,0.424,0.116928493265
48,3,0.424,1.048560074943
49,0,0.439,1.515844173878
49,1,0.439,-1.724924878824
49,2,0.439,0.102242708315
49,3,0.439,1.065333704248
50,0,0.454,1.519280790326
50,1,0.454,-1.730014394779
50,2,0.454,0.087715715415
50,3,0.454,1.081513596655
51,0,0.469,1.522456839172
51,1,0.469,-1.734486139276
51,2,0.469,0.073492171800
51,3,0.469,1.097032835923
52,0,0.483,1.525379861381
52,1,0.483,-1.738414162749
52,2,0.483,0.059698763292
52,3,0.483,1.111831245694
53,0,0.496,1.528056857384
53,1,0.496,-1.741861456810
53,2,0.496,0.046450681160
53,3,0.496,1.125849625884
54,0,0.509,1.530493131280
54,1,0.509,-1.744879903279
54,2,0.509,0.033859693593
54,3,0.509,1.139022786024
55,0,0.521,1.532690719598
55,1,0.521,-1.747509914888
55,2,0.521,0.022045298064
55,3,0.521,1.151269604843
56,0,0.532,1.534645632781
56,1,0.532,-1.749778793919
56,2,0.532,0.011153586500
56,3,0.532,1.162475282256
57,0,0.543,1.536341530341
57,1,0.543,-1.751695211388
57,2,0.543,0.001398535395
57,3,0.543,1.172450853270
58,0,0.548,1.537176261912
58,1,0.548,-1.752618736453
58,2,0.548,-0.003533834704
58,3,0.548,1.177472016863
59,0,0.553,1.537953028404
59,1,0.553,-1.753468677646
59,2,0.553,-0.008188048847
59,3,0.553,1.182199405705
60,0,0.558,1.538752197350
60,1,0.558,-1.754334123075
60,2,0.558,-0.013039870345
60,3,0.558,1.187117503688
61,0,0.564,1.539651163270
61,1,0.564,-1.755297270162
61,2,0.564,-0.018573003097
61,3,0.564,1.192714817606
62,0,0.571,1.540745760545
62,1,0.571,-1.756455927796
62,2,0.571,-0.025416699552
62,3,0.571,1.199622574420
63,0,0.581,1.542174081398
63,1,0.581,-1.757945783244
63,2,0.581,-0.034521898585
63,3,0.581,1.208789308049
64,0,0.595,1.544148431021
64,1,0.595,-1.759966437454
64,2,0.595,-0.047436848158
64,3,0.595,1.221750562209
65,0,0.617,1.546904985377
65,1,0.617,-1.762716820878
65,2,0.617,-0.066135967181
65,3,0.617,1.240443510300
66,0,0.641,1.549667344526
66,1,0.641,-1.765388334054
66,2,0.641,-0.085844470043
66,3,0.641,1.260061167188
67,0,0.665,1.552138706763
67,1,0.665,-1.767713249948
67,2,0.665,-0.104414248021
67,3,0.665,1.278484498823
68,0,0.690,1.554351655316
68,1,0.690,-1.769750544033
68,2,0.690,-0.121851617041
68,3,0.690,1.295746213375
69,0,0.714,1.556335662381
69,1,0.714,-1.771546978016
69,2,0.714,-0.138169978982
69,3,0.714,1.311877002235
70,0,0.740,1.558117366175
70,1,0.740,-1.773139663719
70,2,0.740,-0.153384940882
70,3,0.740,1.326902946043
71,0,0.766,1.559721267298
71,1,0.766,-1.774558335425
71,2,0.766,-0.167513844654
71,3,0.766,1.340846620399
72,0,0.793,1.561170286385
72,1,0.793,-1.775826994598
72,2,0.793,-0.180575343489
72,3,0.793,1.353727759320
73,0,0.821,1.562486246881
73,1,0.821,-1.776965124614
73,2,0.821,-0.192589093002
73,3,0.821,1.365563678352
74,0,0.850,1.563690324622
74,1,0.850,-1.777988600479
74,2,0.850,-0.203575567227
74,3,0.850,1.376369550701
75,0,0.882,1.564803497880
75,1,0.882,-1.778910375732
75,2,0.882,-0.213555985202
75,3,0.882,1.386158570671
76,0,0.915,1.565847035478
76,1,0.915,-1.779741004595
76,2,0.915,-0.222552354499
76,3,0.915,1.394942031233
77,0,0.950,1.566843068259
77,1,0.950,-1.780489038630
77,2,0.950,-0.230587625631
77,3,0.950,1.402729303619
78,0,0.975,1.567468716654
78,1,0.975,-1.780926513472
78,2,0.975,-0.235222657507
78,3,0.975,1.407176161943
79,0,0.999,1.568058470310
79,1,0.999,-1.781312649793
79,2,0.999,-0.239253152557
79,3,0.999,1.411003039657
80,0,1.025,1.568647947339
80,1,1.025,-1.781670532702
80,2,1.025,-0.242922219086
80,3,1.025,1.414440512067
81,0,1.052,1.569243292424
81,1,1.052,-1.782001487731
81,2,1.052,-0.246243158480
81,3,1.052,1.417497061404
82,0,1.081,1.569852278046
82,1,1.081,-1.782307309754
82,2,1.081,-0.249235873342
82,3,1.081,1.420186612668
83,0,1.112,1.570483275978
83,1,1.112,-1.782589431843
83,2,1.112,-0.251917983270
83,3,1.112,1.422519846753
84,0,1.145,1.571145669575
84,1,1.145,-1.782849004968
84,2,1.145,-0.254305580586
84,3,1.145,1.424504623596
85,0,1.180,1.571850309876
85,1,1.180,-1.783086925585
85,2,1.180,-0.256413512286
85,3,1.180,1.426145835613
86,0,1.219,1.572610150509
86,1,1.219,-1.783303857601
86,2,1.219,-0.258255663458
86,3,1.219,1.427445078167
87,0,1.262,1.573441161607
87,1,1.262,-1.783500248651
87,2,1.262,-0.259845239930
87,3,1.262,1.428400034591
88,0,1.309,1.574363693729
88,1,1.309,-1.783676342224
88,2,1.309,-0.261195066637
88,3,1.309,1.429003422749
89,0,1.362,1.575404594990
89,1,1.362,-1.783832189112
89,2,1.362,-0.262317934461
89,3,1.362,1.429241236201
90,0,1.424,1.576600625266
90,1,1.424,-1.783967662483
90,2,1.424,-0.263227029033
90,3,1.424,1.429089773868
91,0,1.495,1.578004195625
91,1,1.495,-1.784082485840
91,2,1.495,-0.263936498935
91,3,1.495,1.428510496768
92,0,1.580,1.579693465409
92,1,1.580,-1.784176293886
92,2,1.580,-0.264462256299
92,3,1.580,1.427440792393
93,0,1.683,1.581791012548
93,1,1.683,-1.784248769861
93,2,1.683,-0.264823149768
93,3,1.683,1.425776614700
94,0,1.815,1.584500572657
94,1,1.815,-1.784299955893
94,2,1.815,-0.265042685068
94,3,1.815,1.423337775921
95,0,1.896,1.586197452458
95,1,1.896,-1.784316133812
95,2,1.896,-0.265101155187
95,3,1.896,1.421715544158
96,0,1.977,1.587921253077
96,1,1.977,-1.784326855502
96,2,1.977,-0.265136506802
96,3,1.977,1.420037816846
97,0,2.066,1.589847492559
97,1,2.066,-1.784334588810
97,2,2.066,-0.265159749644
97,3,2.066,1.418142553512
98,0,2.172,1.592198778158
98,1,2.172,-1.784340322489
98,2,2.172,-0.265175249310
98,3,2.172,1.415812501258
99,0,2.311,1.595317111966
99,1,2.311,-1.784344381665
99,2,2.311,-0.265184811011
99,3,2.311,1.412707788328
100,0,2.505,1.599792924238
100,1,2.505,-1.784346808705
100,2,2.505,-0.265189455007
100,3,2.505,1.408239047091
101,0,2.797,1.606725847699
101,1,2.797,-1.784347756127
101,2,2.797,-0.265190669897
101,3,2.797,1.401308285943
102,0,3.234,1.617586846229
102,1,3.234,-1.784347869804
102,2,3.234,-0.265190694265
102,3,3.234,1.390447425458
103,0,3.663,1.628893643748
103,1,3.663,-1.784347869814
103,2,3.663,-0.265190696409
103,3,3.663,1.379140630093
104,0,4.076,1.640292434681
104,1,4.076,-1.784347869814
104,2,4.076,-0.265190696438
104,3,4.076,1.367741839187
105,0,4.515,1.652765250466
105,1,4.515,-1.784347869814
105,2,4.515,-0.265190696440
105,3,4.515,1.355269023406
106,0,5.025,1.667436451775
106,1,5.025,-1.784347869813
106,2,5.025,-0.265190696440
106,3,5.025,1.340597822096
107,0,5.147,1.670979329632
107,1,5.147,-1.784347869814
107,2,5.147,-0.265190696442
107,3,5.147,1.337054944241
108,0,5.205,1.672678913285
108,1,5.205,-1.784347869814
108,2,5.205,-0.265190696442
108,3,5.205,1.335355360588
109,0,5.263,1.674373270901
109,1,5.263,-1.784347869814
109,2,5.263,-0.265190696442
109,3,5.263,1.333661002973
110,0,5.328,1.676229953093
110,1,5.328,-1.784347869814
110,2,5.328,-0.265190696442
110,3,5.328,1.331804320780
111,0,5.405,1.678446700339
111,1,5.405,-1.784347869814
111,2,5.405,-0.265190696442
111,3,5.405,1.329587573535
112,0,5.505,1.681307638729
112,1,5.505,-1.784347869814
112,2,5.505,-0.265190696442
112,3,5.505,1.326726635144
113,0,5.645,1.685268122905
113,1,5.645,-1.784347869814
113,2,5.645,-0.265190696442
113,3,5.645,1.322766150969
114,0,5.752,1.688245998631
114,1,5.752,-1.784347869814
114,2,5.752,-0.265190696442
114,3,5.752,1.319788275242
115,0,5.815,1.689974123855
115,1,5.815,-1.784347869814
115,2,5.815,-0.265190696442
115,3,5.815,1.318060150019
116,0,5.877,1.691688678958
116,1,5.877,-1.784347869814
116,2,5.877,-0.265190696442
116,3,5.877,1.316345594915
117,0,5.946,1.693558146735
117,1,5.946,-1.784347869814
117,2,5.946,-0.265190696442
117,3,5.946,1.314476127139
118,0,6.028,1.695777483156
118,1,6.028,-1.784347869814
118,2,6.028,-0.265190696442
118,3,6.028,1.312256790717
119,0,6.136,1.698621477764
119,1,6.136,-1.784347869814
119,2,6.136,-0.265190696442
119,3,6.136,1.309412796110
120,0,6.286,1.702520713132
120,1,6.286,-1.784347869814
120,2,6.286,-0.265190696442
120,3,6.286,1.305513560741
121,0,6.332,1.703699689063
121,1,6.332,-1.784347869814
121,2,6.332,-0.265190696442
121,3,6.332,1.304334584811
122,0,6.377,1.704828231914
122,1,6.377,-1.784347869814
122,2,6.377,-0.265190696442
122,3,6.377,1.303206041959
123,0,6.425,1.706020009257
123,1,6.425,-1.784347869814
123,2,6.425,-0.265190696442
123,3,6.425,1.302014264617
124,0,6.480,1.707394947901
124,1,6.480,-1.784347869814
124,2,6.480,-0.265190696442
124,3,6.480,1.300639325973
125,0,6.550,1.709112937585
125,1,6.550,-1.784347869814
125,2,6.550,-0.265190696442
125,3,6.550,1.298921336288
126,0,6.646,1.711418596554
126,1,6.646,-1.784347869814
126,2,6.646,-0.265190696442
126,3,6.646,1.296615677319
127,0,6.787,1.714712114611
127,1,6.787,-1.784347869814
127,2,6.787,-0.265190696442
127,3,6.787,1.293322159262
128,0,6.998,1.719456625121
128,1,6.998,-1.784347869814
128,2,6.998,-0.265190696442
128,3,6.998,1.288577648753
129,0,7.314,1.726118646490
129,1,7.314,-1.784347869814
129,2,7.314,-0.265190696442
129,3,7.314,1.281915627384
130,0,7.789,1.735061278629
130,1,7.789,-1.784347869814
130,2,7.789,-0.265190696442
130,3,7.789,1.272972995245
131,0,7.813,1.735470536036
131,1,7.813,-1.784347869814
131,2,7.813,-0.265190696442
131,3,7.813,1.272563737837
132,0,7.837,1.735876216513
132,1,7.837,-1.784347869814
132,2,7.837,-0.265190696442
132,3,7.837,1.272158057360
133,0,7.864,1.736318428120
133,1,7.864,-1.784347869814
133,2,7.864,-0.265190696442
133,3,7.864,1.271715845754
134,0,7.896,1.736843624508
134,1,7.896,-1.784347869814
134,2,7.896,-0.265190696442
134,3,7.896,1.271190649366
135,0,7.938,1.737517674881
135,1,7.938,-1.784347869814
135,2,7.938,-0.265190696442
135,3,7.938,1.270516598993
136,0,7.997,1.738445177704
136,1,7.997,-1.784347869814
136,2,7.997,-0.265190696442
136,3,7.997,1.269589096170
137,0,8.085,1.739801881020
137,1,8.085,-1.784347869814
137,2,8.085,-0.265190696442
137,3,8.085,1.268232392853
138,0,8.216,1.741760280951
138,1,8.216,-1.784347869814
138,2,8.216,-0.265190696442
138,3,8.216,1.266273992922
139,0,8.414,1.744528735608
139,1,8.414,-1.784347869814
139,2,8.414,-0.265190696442
139,3,8.414,1.263505538266
140,0,8.710,1.748313608000
140,1,8.710,-1.784347869814
140,2,8.710,-0.265190696442
140,3,8.710,1.259720665874
141,0,9.155,1.753212718323
141,1,9.155,-1.784347869814
141,2,9.155,-0.265190696442
141,3,9.155,1.254821555550
142,0,9.280,1.754386272372
142,1,9.280,-1.784347869814
142,2,9.280,-0.265190696442
142,3,9.280,1.253648001502
143,0,9.338,1.754895250465
143,1,9.338,-1.784347869814
143,2,9.338,-0.265190696442
143,3,9.338,1.253139023408
144,0,9.395,1.755390646144
144,1,9.395,-1.784347869814
144,2,9.395,-0.265190696442
144,3,9.395,1.252643627729
145,0,9.458,1.755920558575
145,1,9.458,-1.784347869814
145,2,9.458,-0.265190696442
145,3,9.458,1.252113715298
146,0,9.534,1.756536560184
146,1,9.534,-1.784347869814
146,2,9.534,-0.265190696442
146,3,9.534,1.251497713689
147,0,9.633,1.757306379231
147,1,9.633,-1.784347869814
147,2,9.633,-0.265190696442
147,3,9.633,1.250727894642
148,0,9.771,1.758328303883
148,1,9.771,-1.784347869814
148,2,9.771,-0.265190696442
148,3,9.771,1.249705969990
149,0,9.903,1.759245745994
149,1,9.903,-1.784347869814
149,2,9.903,-0.265190696442
149,3,9.903,1.248788527880
150,0,9.960,1.759613100227
150,1,9.960,-1.784347869814
150,2,9.960,-0.265190696442
150,3,9.960,1.248421173647
151,0,10.016,1.759970279591
151,1,10.016,-1.784347869814
151,2,10.016,-0.265190696442
151,3,10.016,1.248063994282
152,0,10.077,1.760351963378
152,1,10.077,-1.784347869814
152,2,10.077,-0.265190696442
152,3,10.077,1.247682310496
153,0,10.152,1.760795187664
153,1,10.152,-1.784347869814
153,2,10.152,-0.265190696442
153,3,10.152,1.247239086210
154,0,10.248,1.761348422402
154,1,10.248,-1.784347869814
154,2,10.248,-0.265190696442
154,3,10.248,1.246685851472
155,0,10.383,1.762081771309
155,1,10.383,-1.784347869814
155,2,10.383,-0.265190696442
155,3,10.383,1.245952502565
156,0,10.585,1.763097892118
156,1,10.585,-1.784347869814
156,2,10.585,-0.265190696442
156,3,10.585,1.244936381755
157,0,10.629,1.763298718352
157,1,10.629,-1.784347869814
157,2,10.629,-0.265190696442
157,3,10.629,1.244735555521
158,0,10.672,1.763492901059
158,1,10.672,-1.784347869814
158,2,10.672,-0.265190696442
158,3,10.672,1.244541372815
159,0,10.719,1.763699561885
159,1,10.719,-1.784347869814
159,2,10.719,-0.265190696442
159,3,10.719,1.244334711988
160,0,10.774,1.763939032699
160,1,10.774,-1.784347869814
160,2,10.774,-0.265190696442
160,3,10.774,1.244095241175
161,0,10.846,1.764238126525
161,1,10.846,-1.784347869814
161,2,10.846,-0.265190696442
161,3,10.846,1.243796147349
162,0,10.946,1.764636518443
162,1,10.946,-1.784347869814
162,2,10.946,-0.265190696442
162,3,10.946,1.243397755431
163,0,11.095,1.765195116709
163,1,11.095,-1.784347869814
163,2,11.095,-0.265190696442
163,3,11.095,1.242839157165
164,0,11.318,1.765960125938
164,1,11.318,-1.784347869814
164,2,11.318,-0.265190696442
164,3,11.318,1.242074147935
165,0,11.653,1.766958641665
165,1,11.653,-1.784347869814
165,2,11.653,-0.265190696442
165,3,11.653,1.241075632209
166,0,12.155,1.768167424286
166,1,12.155,-1.784347869814
166,2,12.155,-0.265190696442
166,3,12.155,1.239866849588
167,0,12.195,1.768243557029
167,1,12.195,-1.784347869814
167,2,12.195,-0.265190696442
167,3,12.195,1.239790716845
168,0,12.235,1.768318028452
168,1,12.235,-1.784347869814
168,2,12.235,-0.265190696442
168,3,12.235,1.239716245422
169,0,12.279,1.768398113382
169,1,12.279,-1.784347869814
169,2,12.279,-0.265190696442
169,3,12.279,1.239636160491
170,0,12.331,1.768491791134
170,1,12.331,-1.784347869814
170,2,12.331,-0.265190696442
170,3,12.331,1.239542482740
171,0,12.399,1.768609800493
171,1,12.399,-1.784347869814
171,2,12.399,-0.265190696442
171,3,12.399,1.239424473380
172,0,12.495,1.768768218240
172,1,12.495,-1.784347869814
172,2,12.495,-0.265190696442
172,3,12.495,1.239266055634
173,0,12.638,1.768991898406
173,1,12.638,-1.784347869814
173,2,12.638,-0.265190696442
173,3,12.638,1.239042375468
174,0,12.853,1.769298068812
174,1,12.853,-1.784347869814
174,2,12.853,-0.265190696442
174,3,12.853,1.238736205061
175,0,13.175,1.769697638097
175,1,13.175,-1.784347869814
175,2,13.175,-0.265190696442
175,3,13.175,1.238336635777
176,0,13.659,1.770181923311
176,1,13.659,-1.784347869814
176,2,13.659,-0.265190696442
176,3,13.659,1.237852350562
177,0,14.384,1.770704275936
177,1,14.384,-1.784347869814
177,2,14.384,-0.265190696442
177,3,14.384,1.237329997937
178,0,15.459,1.771166296471
178,1,15.459,-1.784347869814
178,2,15.459,-0.265190696442
178,3,15.459,1.236867977402
179,0,15.496,1.771175288128
179,1,15.496,-1.784347869814
179,2,15.496,-0.265190696442
179,3,15.496,1.236858985746
180,0,15.533,1.771184091317
180,1,15.533,-1.784347869814
180,2,15.533,-0.265190696442
180,3,15.533,1.236850182557
181,0,15.574,1.771193566830
181,1,15.574,-1.784347869814
181,2,15.574,-0.265190696442
181,3,15.574,1.236840707044
182,0,15.622,1.771204662470
182,1,15.622,-1.784347869814
182,2,15.622,-0.265190696442
182,3,15.622,1.236829611403
183,0,15.686,1.771218658936
183,1,15.686,-1.784347869814
183,2,15.686,-0.265190696442
183,3,15.686,1.236815614937
184,0,15.774,1.771237482933
184,1,15.774,-1.784347869814
184,2,15.774,-0.265190696442
184,3,15.774,1.236796790941
185,0,15.907,1.771264135611
185,1,15.907,-1.784347869814
185,2,15.907,-0.265190696442
185,3,15.907,1.236770138262
186,0,16.107,1.771300778137
186,1,16.107,-1.784347869814
186,2,16.107,-0.265190696442
186,3,16.107,1.236733495737
187,0,16.406,1.771348940346
187,1,16.406,-1.784347869814
187,2,16.406,-0.265190696442
187,3,16.406,1.236685333527
188,0,16.856,1.771408008158
188,1,16.856,-1.784347869814
188,2,16.856,-0.265190696442
188,3,16.856,1.236626265715
189,0,17.529,1.771473019693
189,1,17.529,-1.784347869814
189,2,17.529,-0.265190696442
189,3,17.529,1.236561254181
190,0,17.689,1.771483863452
190,1,17.689,-1.784347869814
190,2,17.689,-0.265190696442
190,3,17.689,1.236550410421
191,0,17.741,1.771487162872
191,1,17.741,-1.784347869814
191,2,17.741,-0.265190696442
191,3,17.741,1.236547111002
192,0,17.793,1.771490364068
192,1,17.793,-1.784347869814
192,2,17.793,-0.265190696442
192,3,17.793,1.236543909806
193,0,17.851,1.771493777970
193,1,17.851,-1.784347869814
193,2,17.851,-0.265190696442
193,3,17.851,1.236540495903
194,0,17.920,1.771497734004
194,1,17.920,-1.784347869814
194,2,17.920,-0.265190696442
194,3,17.920,1.236536539869
195,0,18.010,1.771502660410
195,1,18.010,-1.784347869814
195,2,18.010,-0.265190696442
195,3,18.010,1.236531613464
196,0,18.136,1.771509172782
196,1,18.136,-1.784347869814
196,2,18.136,-0.265190696442
196,3,18.136,1.236525101092
197,0,18.325,1.771518166734
197,1,18.325,-1.784347869814
197,2,18.325,-0.265190696442
197,3,18.325,1.236516107139
198,0,18.455,1.771523756560
198,1,18.455,-1.784347869814
198,2,18.455,-0.265190696442
198,3,18.455,1.236510517314
199,0,18.512,1.771526035144
199,1,18.512,-1.784347869814
199,2,18.512,-0.265190696442
199,3,18.512,1.236508238729
200,0,18.568,1.771528240496
200,1,18.568,-1.784347869814
200,2,18.568,-0.265190696442
200,3,18.568,1.236506033378
201,0,18.631,1.771530586498
201,1,18.631,-1.784347869814
201,2,18.631,-0.265190696442
201,3,18.631,1.236503687375
202,0,18.705,1.771533297375
202,1,18.705,-1.784347869814
202,2,18.705,-0.265190696442
202,3,18.705,1.236500976499
203,0,18.803,1.771536661460
203,1,18.803,-1.784347869814
203,2,18.803,-0.265190696442
203,3,18.803,1.236497612414
204,0,18.938,1.771541087866
204,1,18.938,-1.784347869814
204,2,18.938,-0.265190696442
204,3,18.938,1.236493186008
205,0,19.100,1.771545917829
205,1,19.100,-1.784347869814
205,2,19.100,-0.265190696442
205,3,19.100,1.236488356045
206,0,19.152,1.771547363782
206,1,19.152,-1.784347869814
206,2,19.152,-0.265190696442
206,3,19.152,1.236486910091
207,0,19.204,1.771548766833
207,1,19.204,-1.784347869814
207,2,19.204,-0.265190696442
207,3,19.204,1.236485507041
208,0,19.262,1.771550263268
208,1,19.262,-1.784347869814
208,2,19.262,-0.265190696442
208,3,19.262,1.236484010606
209,0,19.330,1.771551997545
209,1,19.330,-1.784347869814
209,2,19.330,-0.265190696442
209,3,19.330,1.236482276328
210,0,19.420,1.771554157542
210,1,19.420,-1.784347869814
210,2,19.420,-0.265190696442
210,3,19.420,1.236480116331
211,0,19.546,1.771557013484
211,1,19.546,-1.784347869814
211,2,19.546,-0.265190696442
211,3,19.546,1.236477260389
212,0,19.734,1.771560958860
212,1,19.734,-1.784347869814
212,2,19.734,-0.265190696442
212,3,19.734,1.236473315014
213,0,19.873,1.771563593768
213,1,19.873,-1.784347869814
213,2,19.873,-0.265190696442
213,3,19.873,1.236470680106
214,0,19.928,1.771564564175
214,1,19.928,-1.784347869814
214,2,19.928,-0.265190696442
214,3,19.928,1.236469709699
215,0,19.983,1.771565504252
215,1,19.983,-1.784347869814
215,2,19.983,-0.265190696442
215,3,19.983,1.236468769622
216,0,20.044,1.771566505221
216,1,20.044,-1.784347869814
216,2,20.044,-0.265190696442
216,3,20.044,1.236467768652
217,0,20.116,1.771567663096
217,1,20.116,-1.784347869814
217,2,20.116,-0.265190696442
217,3,20.116,1.236466610778
218,0,20.211,1.771569101847
218,1,20.211,-1.784347869814
218,2,20.211,-0.265190696442
218,3,20.211,1.236465172026
219,0,20.343,1.771570998247
219,1,20.343,-1.784347869814
219,2,20.343,-0.265190696442
219,3,20.343,1.236463275626
220,0,20.541,1.771573606274
220,1,20.541,-1.784347869814
220,2,20.541,-0.265190696442
220,3,20.541,1.236460667599
221,0,20.600,1.771574317726
221,1,20.600,-1.784347869814
221,2,20.600,-0.265190696442
221,3,20.600,1.236459956147
222,0,20.660,1.771575005149
222,1,20.660,-1.784347869814
222,2,20.660,-0.265190696442
222,3,20.660,1.236459268724
223,0,20.726,1.771575735142
223,1,20.726,-1.784347869814
223,2,20.726,-0.265190696442
223,3,20.726,1.236458538732
224,0,20.804,1.771576577006
224,1,20.804,-1.784347869814
224,2,20.804,-0.265190696442
224,3,20.804,1.236457696867
225,0,20.906,1.771577619170
225,1,20.906,-1.784347869814
225,2,20.906,-0.265190696442
225,3,20.906,1.236456654704
226,0,21.049,1.771578985918
226,1,21.049,-1.784347869814
226,2,21.049,-0.265190696442
226,3,21.049,1.236455287956
227,0,21.133,1.771579723290
227,1,21.133,-1.784347869814
227,2,21.133,-0.265190696442
227,3,21.133,1.236454550584
228,0,21.216,1.771580425952
228,1,21.216,-1.784347869814
228,2,21.216,-0.265190696442
228,3,21.216,1.236453847922
229,0,21.291,1.771581029882
229,1,21.291,-1.784347869814
229,2,21.291,-0.265190696442
229,3,21.291,1.236453243992
230,0,21.358,1.771581551398
230,1,21.358,-1.784347869814
230,2,21.358,-0.265190696442
230,3,21.358,1.236452722476
231,0,21.426,1.771582053371
231,1,21.426,-1.784347869814
231,2,21.426,-0.265190696442
231,3,21.426,1.236452220502
232,0,21.500,1.771582584271
232,1,21.500,-1.784347869814
232,2,21.500,-0.265190696442
232,3,21.500,1.236451689602
233,0,21.590,1.771583193612
233,1,21.590,-1.784347869814
233,2,21.590,-0.265190696442
233,3,21.590,1.236451080261
234,0,21.706,1.771583943305
234,1,21.706,-1.784347869814
234,2,21.706,-0.265190696442
234,3,21.706,1.236450330568
235,0,21.773,1.771584352343
235,1,21.773,-1.784347869814
235,2,21.773,-0.265190696442
235,3,21.773,1.236449921530
236,0,21.841,1.771584745745
236,1,21.841,-1.784347869814
236,2,21.841,-0.265190696442
236,3,21.841,1.236449528128
237,0,21.915,1.771585161541
237,1,21.915,-1.784347869814
237,2,21.915,-0.265190696442
237,3,21.915,1.236449112332
238,0,22.004,1.771585638512
238,1,22.004,-1.784347869814
238,2,22.004,-0.265190696442
238,3,22.004,1.236448635362
239,0,22.119,1.771586225107
239,1,22.119,-1.784347869814
239,2,22.119,-0.265190696442
239,3,22.119,1.236448048767
240,0,22.182,1.771586525523
240,1,22.182,-1.784347869814
240,2,22.182,-0.265190696442
240,3,22.182,1.236447748351
241,0,22.245,1.771586815218
241,1,22.245,-1.784347869814
241,2,22.245,-0.265190696442
241,3,22.245,1.236447458655
242,0,22.314,1.771587122233
242,1,22.314,-1.784347869814
242,2,22.314,-0.265190696442
242,3,22.314,1.236447151641
243,0,22.397,1.771587475494
243,1,22.397,-1.784347869814
243,2,22.397,-0.265190696442
243,3,22.397,1.236446798380
244,0,22.505,1.771587911587
244,1,22.505,-1.784347869814
244,2,22.505,-0.265190696442
244,3,22.505,1.236446362286
245,0,22.656,1.771588481380
245,1,22.656,-1.784347869814
245,2,22.656,-0.265190696442
245,3,22.656,1.236445792493
246,0,22.700,1.771588634380
246,1,22.700,-1.784347869814
246,2,22.700,-0.265190696442
246,3,22.700,1.236445639493
247,0,22.740,1.771588771270
247,1,22.740,-1.784347869814
247,2,22.740,-0.265190696442
247,3,22.740,1.236445502603
248,0,22.780,1.771588907305
248,1,22.780,-1.784347869814
248,2,22.780,-0.265190696442
248,3,22.780,1.236445366569
249,0,22.826,1.771589055635
249,1,22.826,-1.784347869814
249,2,22.826,-0.265190696442
249,3,22.826,1.236445218239
250,0,22.881,1.771589231237
250,1,22.881,-1.784347869814
250,2,22.881,-0.265190696442
250,3,22.881,1.236445042637
251,0,22.954,1.771589454673
251,1,22.954,-1.784347869814
251,2,22.954,-0.265190696442
251,3,22.954,1.236444819201
252,0,23.057,1.771589756882
252,1,23.057,-1.784347869814
252,2,23.057,-0.265190696442
252,3,23.057,1.236444516992
253,0,23.212,1.771590180598
253,1,23.212,-1.784347869814
253,2,23.212,-0.265190696442
253,3,23.212,1.236444093276
254,0,23.444,1.771590754496
254,1,23.444,-1.784347869814
254,2,23.444,-0.265190696442
254,3,23.444,1.236443519377
255,0,23.792,1.771591491775
255,1,23.792,-1.784347869814
255,2,23.792,-0.265190696442
255,3,23.792,1.236442782099
256,0,24.315,1.771592364572
256,1,24.315,-1.784347869814
256,2,24.315,-0.265190696442
256,3,24.315,1.236441909302
257,0,25.098,1.771593273068
257,1,25.098,-1.784347869814
257,2,25.098,-0.265190696442
257,3,25.098,1.236441000805
258,0,25.525,1.771593587389
258,1,25.525,-1.784347869814
258,2,25.525,-0.265190696442
258,3,25.525,1.236440686485
259,0,25.578,1.771593619398
259,1,25.578,-1.784347869814
259,2,25.578,-0.265190696442
259,3,25.578,1.236440654475
260,0,25.621,1.771593644764
260,1,25.621,-1.784347869814
260,2,25.621,-0.265190696442
260,3,25.621,1.236440629110
261,0,25.661,1.771593667437
261,1,25.661,-1.784347869814
261,2,25.661,-0.265190696442
261,3,25.661,1.236440606437
262,0,25.702,1.771593689948
262,1,25.702,-1.784347869814
262,2,25.702,-0.265190696442
262,3,25.702,1.236440583925
263,0,25.747,1.771593714477
263,1,25.747,-1.784347869814
263,2,25.747,-0.265190696442
263,3,25.747,1.236440559397
264,0,25.802,1.771593743496
264,1,25.802,-1.784347869814
264,2,25.802,-0.265190696442
264,3,25.802,1.236440530377
265,0,25.874,1.771593780403
265,1,25.874,-1.784347869814
265,2,25.874,-0.265190696442
265,3,25.874,1.236440493470
266,0,25.976,1.771593830306
266,1,25.976,-1.784347869814
266,2,25.976,-0.265190696442
266,3,25.976,1.236440443568
267,0,26.130,1.771593900313
267,1,26.130,-1.784347869814
267,2,26.130,-0.265190696442
267,3,26.130,1.236440373561
268,0,26.360,1.771593995216
268,1,26.360,-1.784347869814
268,2,26.360,-0.265190696442
268,3,26.360,1.236440278657
269,0,26.705,1.771594117302
269,1,26.705,-1.784347869814
269,2,26.705,-0.265190696442
269,3,26.705,1.236440156571
270,0,27.223,1.771594262134
270,1,27.223,-1.784347869814
270,2,27.223,-0.265190696442
270,3,27.223,1.236440011740
271,0,28.000,1.771594413395
271,1,28.000,-1.784347869814
271,2,28.000,-0.265190696442
271,3,28.000,1.236439860479
272,0,29.166,1.771594541961
272,1,29.166,-1.784347869814
272,2,29.166,-0.265190696442
272,3,29.166,1.236439731912
273,0,29.256,1.771594547227
273,1,29.256,-1.784347869814
273,2,29.256,-0.265190696442
273,3,29.256,1.236439726646
274,0,29.326,1.771594551076
274,1,29.326,-1.784347869814
274,2,29.326,-0.265190696442
274,3,29.326,1.236439722797
275,0,29.396,1.771594554773
275,1,29.396,-1.784347869814
275,2,29.396,-0.265190696442
275,3,29.396,1.236439719100
276,0,29.473,1.771594558675
276,1,29.473,-1.784347869814
276,2,29.473,-0.265190696442
276,3,29.473,1.236439715198
277,0,29.565,1.771594563144
277,1,29.565,-1.784347869814
277,2,29.565,-0.265190696442
277,3,29.565,1.236439710730
278,0,29.658,1.771594567456
278,1,29.658,-1.784347869814
278,2,29.658,-0.265190696442
278,3,29.658,1.236439706417
279,0,29.726,1.771594570434
279,1,29.726,-1.784347869814
279,2,29.726,-0.265190696442
279,3,29.726,1.236439703439
280,0,29.794,1.771594573297
280,1,29.794,-1.784347869814
280,2,29.794,-0.265190696442
280,3,29.794,1.236439700576
281,0,29.869,1.771594576322
281,1,29.869,-1.784347869814
281,2,29.869,-0.265190696442
281,3,29.869,1.236439697551
282,0,29.959,1.771594579790
282,1,29.959,-1.784347869814
282,2,29.959,-0.265190696442
282,3,29.959,1.236439694083
283,0,30.076,1.771594584053
283,1,30.076,-1.784347869814
283,2,30.076,-0.265190696442
283,3,30.076,1.236439689821
284,0,30.133,1.771594586018
284,1,30.133,-1.784347869814
284,2,30.133,-0.265190696442
284,3,30.133,1.236439687856
285,0,30.190,1.771594587919
285,1,30.190,-1.784347869814
285,2,30.190,-0.265190696442
285,3,30.190,1.236439685955
286,0,30.253,1.771594589940
286,1,30.253,-1.784347869814
286,2,30.253,-0.265190696442
286,3,30.253,1.236439683933
287,0,30.329,1.771594592275
287,1,30.329,-1.784347869814
287,2,30.329,-0.265190696442
287,3,30.329,1.236439681598
288,0,30.427,1.771594595171
288,1,30.427,-1.784347869814
288,2,30.427,-0.265190696442
288,3,30.427,1.236439678702
289,0,30.564,1.771594598979
289,1,30.564,-1.784347869814
289,2,30.564,-0.265190696442
289,3,30.564,1.236439674894
290,0,30.706,1.771594602602
290,1,30.706,-1.784347869814
290,2,30.706,-0.265190696442
290,3,30.706,1.236439671272
291,0,30.760,1.771594603906
291,1,30.760,-1.784347869814
291,2,30.760,-0.265190696442
291,3,30.760,1.236439669968
292,0,30.815,1.771594605169
292,1,30.815,-1.784347869814
292,2,30.815,-0.265190696442
292,3,30.815,1.236439668705
293,0,30.875,1.771594606514
293,1,30.875,-1.784347869814
293,2,30.875,-0.265190696442
293,3,30.875,1.236439667359
294,0,30.947,1.771594608071
294,1,30.947,-1.784347869814
294,2,30.947,-0.265190696442
294,3,30.947,1.236439665803
295,0,31.041,1.771594610006
295,1,31.041,-1.784347869814
295,2,31.041,-0.265190696442
295,3,31.041,1.236439663868
296,0,31.172,1.771594612557
296,1,31.172,-1.784347869814
296,2,31.172,-0.265190696442
296,3,31.172,1.236439661317
297,0,31.369,1.771594616067
297,1,31.369,-1.784347869814
297,2,31.369,-0.265190696442
297,3,31.369,1.236439657807
298,0,31.435,1.771594617127
298,1,31.435,-1.784347869814
298,2,31.435,-0.265190696442
298,3,31.435,1.236439656746
299,0,31.501,1.771594618148
299,1,31.501,-1.784347869814
299,2,31.501,-0.265190696442
299,3,31.501,1.236439655725
300,0,31.573,1.771594619229
300,1,31.573,-1.784347869814
300,2,31.573,-0.265190696442
300,3,31.573,1.236439654645
301,0,31.659,1.771594620470
301,1,31.659,-1.784347869814
301,2,31.659,-0.265190696442
301,3,31.659,1.236439653404
302,0,31.772,1.771594621998
302,1,31.772,-1.784347869814
302,2,31.772,-0.265190696442
302,3,31.772,1.236439651875
303,0,31.853,1.771594623037
303,1,31.853,-1.784347869814
303,2,31.853,-0.265190696442
303,3,31.853,1.236439650837
304,0,31.934,1.771594624028
304,1,31.934,-1.784347869814
304,2,31.934,-0.265190696442
304,3,31.934,1.236439649846
305,0,32.011,1.771594624919
305,1,32.011,-1.784347869814
305,2,32.011,-0.265190696442
305,3,32.011,1.236439648955
306,0,32.083,1.771594625723
306,1,32.083,-1.784347869814
306,2,32.083,-0.265190696442
306,3,32.083,1.236439648150
307,0,32.158,1.771594626527
307,1,32.158,-1.784347869814
307,2,32.158,-0.265190696442
307,3,32.158,1.236439647347
308,0,32.244,1.771594627404
308,1,32.244,-1.784347869814
308,2,32.244,-0.265190696442
308,3,32.244,1.236439646469
309,0,32.346,1.771594628388
309,1,32.346,-1.784347869814
309,2,32.346,-0.265190696442
309,3,32.346,1.236439645485
310,0,32.401,1.771594628891
310,1,32.401,-1.784347869814
310,2,32.401,-0.265190696442
310,3,32.401,1.236439644983
311,0,32.452,1.771594629352
311,1,32.452,-1.784347869814
311,2,32.452,-0.265190696442
311,3,32.452,1.236439644521
312,0,32.507,1.771594629822
312,1,32.507,-1.784347869814
312,2,32.507,-0.265190696442
312,3,32.507,1.236439644052
313,0,32.569,1.771594630343
313,1,32.569,-1.784347869814
313,2,32.569,-0.265190696442
313,3,32.569,1.236439643530
314,0,32.647,1.771594630969
314,1,32.647,-1.784347869814
314,2,32.647,-0.265190696442
314,3,32.647,1.236439642904
315,0,32.751,1.771594631773
315,1,32.751,-1.784347869814
315,2,32.751,-0.265190696442
315,3,32.751,1.236439642101
316,0,32.903,1.771594632860
316,1,32.903,-1.784347869814
316,2,32.903,-0.265190696442
316,3,32.903,1.236439641014
317,0,33.130,1.771594634335
317,1,33.130,-1.784347869814
317,2,33.130,-0.265190696442
317,3,33.130,1.236439639539
318,0,33.226,1.771594634887
318,1,33.226,-1.784347869814
318,2,33.226,-0.265190696442
318,3,33.226,1.236439638986
319,0,33.293,1.771594635256
319,1,33.293,-1.784347869814
319,2,33.293,-0.265190696442
319,3,33.293,1.236439638617
320,0,33.360,1.771594635611
320,1,33.360,-1.784347869814
320,2,33.360,-0.265190696442
320,3,33.360,1.236439638262
321,0,33.434,1.771594635986
321,1,33.434,-1.784347869814
321,2,33.434,-0.265190696442
321,3,33.434,1.236439637887
322,0,33.523,1.771594636417
322,1,33.523,-1.784347869814
322,2,33.523,-0.265190696442
322,3,33.523,1.236439637457
323,0,33.638,1.771594636947
323,1,33.638,-1.784347869814
323,2,33.638,-0.265190696442
323,3,33.638,1.236439636927
324,0,33.703,1.771594637226
324,1,33.703,-1.784347869814
324,2,33.703,-0.265190696442
324,3,33.703,1.236439636648
325,0,33.767,1.771594637495
325,1,33.767,-1.784347869814
325,2,33.767,-0.265190696442
325,3,33.767,1.236439636379
326,0,33.838,1.771594637780
326,1,33.838,-1.784347869814
326,2,33.838,-0.265190696442
326,3,33.838,1.236439636094
327,0,33.923,1.771594638107
327,1,33.923,-1.784347869814
327,2,33.923,-0.265190696442
327,3,33.923,1.236439635767
328,0,34.034,1.771594638510
328,1,34.034,-1.784347869814
328,2,34.034,-0.265190696442
328,3,34.034,1.236439635363
329,0,34.129,1.771594638835
329,1,34.129,-1.784347869814
329,2,34.129,-0.265190696442
329,3,34.129,1.236439635039
330,0,34.196,1.771594639055
330,1,34.196,-1.784347869814
330,2,34.196,-0.265190696442
330,3,34.196,1.236439634819
331,0,34.264,1.771594639266
331,1,34.264,-1.784347869814
331,2,34.264,-0.265190696442
331,3,34.264,1.236439634608
332,0,34.338,1.771594639489
332,1,34.338,-1.784347869814
332,2,34.338,-0.265190696442
332,3,34.338,1.236439634384
333,0,34.427,1.771594639745
333,1,34.427,-1.784347869814
333,2,34.427,-0.265190696442
333,3,34.427,1.236439634128
334,0,34.543,1.771594640060
334,1,34.543,-1.784347869814
334,2,34.543,-0.265190696442
334,3,34.543,1.236439633813
335,0,34.605,1.771594640218
335,1,34.605,-1.784347869814
335,2,34.605,-0.265190696442
335,3,34.605,1.236439633656
336,0,34.666,1.771594640370
336,1,34.666,-1.784347869814
336,2,34.666,-0.265190696442
336,3,34.666,1.236439633503
337,0,34.734,1.771594640532
337,1,34.734,-1.784347869814
337,2,34.734,-0.265190696442
337,3,34.734,1.236439633342
338,0,34.816,1.771594640717
338,1,34.816,-1.784347869814
338,2,34.816,-0.265190696442
338,3,34.816,1.236439633156
339,0,34.921,1.771594640947
339,1,34.921,-1.784347869814
339,2,34.921,-0.265190696442
339,3,34.921,1.236439632926
340,0,35.069,1.771594641248
340,1,35.069,-1.784347869814
340,2,35.069,-0.265190696442
340,3,35.069,1.236439632626
341,0,35.124,1.771594641352
341,1,35.124,-1.784347869814
341,2,35.124,-0.265190696442
341,3,35.124,1.236439632522
342,0,35.180,1.771594641453
342,1,35.180,-1.784347869814
342,2,35.180,-0.265190696442
342,3,35.180,1.236439632421
343,0,35.240,1.771594641560
343,1,35.240,-1.784347869814
343,2,35.240,-0.265190696442
343,3,35.240,1.236439632313
344,0,35.313,1.771594641685
344,1,35.313,-1.784347869814
344,2,35.313,-0.265190696442
344,3,35.313,1.236439632189
345,0,35.408,1.771594641839
345,1,35.408,-1.784347869814
345,2,35.408,-0.265190696442
345,3,35.408,1.236439632034
346,0,35.541,1.771594642043
346,1,35.541,-1.784347869814
346,2,35.541,-0.265190696442
346,3,35.541,1.236439631831
347,0,35.739,1.771594642322
347,1,35.739,-1.784347869814
347,2,35.739,-0.265190696442
347,3,35.739,1.236439631551
348,0,35.796,1.771594642394
348,1,35.796,-1.784347869814
348,2,35.796,-0.265190696442
348,3,35.796,1.236439631479
349,0,35.852,1.771594642464
349,1,35.852,-1.784347869814
349,2,35.852,-0.265190696442
349,3,35.852,1.236439631409
350,0,35.914,1.771594642538
350,1,35.914,-1.784347869814
350,2,35.914,-0.265190696442
350,3,35.914,1.236439631335
351,0,35.989,1.771594642624
351,1,35.989,-1.784347869814
351,2,35.989,-0.265190696442
351,3,35.989,1.236439631250
352,0,36.086,1.771594642730
352,1,36.086,-1.784347869814
352,2,36.086,-0.265190696442
352,3,36.086,1.236439631143
353,0,36.221,1.771594642871
353,1,36.221,-1.784347869814
353,2,36.221,-0.265190696442
353,3,36.221,1.236439631003
354,0,36.425,1.771594643063
354,1,36.425,-1.784347869814
354,2,36.425,-0.265190696442
354,3,36.425,1.236439630811
355,0,36.465,1.771594643097
355,1,36.465,-1.784347869814
355,2,36.465,-0.265190696442
355,3,36.465,1.236439630776
356,0,36.502,1.771594643129
356,1,36.502,-1.784347869814
356,2,36.502,-0.265190696442
356,3,36.502,1.236439630745
357,0,36.541,1.771594643160
357,1,36.541,-1.784347869814
357,2,36.541,-0.265190696442
357,3,36.541,1.236439630713
358,0,36.584,1.771594643195
358,1,36.584,-1.784347869814
358,2,36.584,-0.265190696442
358,3,36.584,1.236439630679
359,0,36.637,1.771594643236
359,1,36.637,-1.784347869814
359,2,36.637,-0.265190696442
359,3,36.637,1.236439630637
360,0,36.707,1.771594643289
360,1,36.707,-1.784347869814
360,2,36.707,-0.265190696442
360,3,36.707,1.236439630584
361,0,36.807,1.771594643362
361,1,36.807,-1.784347869814
361,2,36.807,-0.265190696442
361,3,36.807,1.236439630512
362,0,36.958,1.771594643464
362,1,36.958,-1.784347869814
362,2,36.958,-0.265190696442
362,3,36.958,1.236439630410
363,0,37.183,1.771594643602
363,1,37.183,-1.784347869814
363,2,37.183,-0.265190696442
363,3,37.183,1.236439630272
364,0,37.521,1.771594643780
364,1,37.521,-1.784347869814
364,2,37.521,-0.265190696442
364,3,37.521,1.236439630093
365,0,38.028,1.771594643993
365,1,38.028,-1.784347869814
365,2,38.028,-0.265190696442
365,3,38.028,1.236439629881
366,0,38.789,1.771594644217
366,1,38.789,-1.784347869814
366,2,38.789,-0.265190696442
366,3,38.789,1.236439629657
367,0,39.930,1.771594644410
367,1,39.930,-1.784347869814
367,2,39.930,-0.265190696442
367,3,39.930,1.236439629464
368,0,39.980,1.771594644414
368,1,39.980,-1.784347869814
368,2,39.980,-0.265190696442
368,3,39.980,1.236439629459
369,0,40.030,1.771594644419
369,1,40.030,-1.784347869814
369,2,40.030,-0.265190696442
369,3,40.030,1.236439629455
370,0,40.085,1.771594644423
370,1,40.085,-1.784347869814
370,2,40.085,-0.265190696442
370,3,40.085,1.236439629450
371,0,40.150,1.771594644429
371,1,40.150,-1.784347869814
371,2,40.150,-0.265190696442
371,3,40.150,1.236439629445
372,0,40.236,1.771594644436
372,1,40.236,-1.784347869814
372,2,40.236,-0.265190696442
372,3,40.236,1.236439629438
373,0,40.356,1.771594644445
373,1,40.356,-1.784347869814
373,2,40.356,-0.265190696442
373,3,40.356,1.236439629429
374,0,40.536,1.771594644457
374,1,40.536,-1.784347869814
374,2,40.536,-0.265190696442
374,3,40.536,1.236439629416
375,0,40.806,1.771594644474
375,1,40.806,-1.784347869814
375,2,40.806,-0.265190696442
375,3,40.806,1.236439629399
376,0,40.859,1.771594644477
376,1,40.859,-1.784347869814
376,2,40.859,-0.265190696442
376,3,40.859,1.236439629397
377,0,40.913,1.771594644480
377,1,40.913,-1.784347869814
377,2,40.913,-0.265190696442
377,3,40.913,1.236439629394
378,0,40.971,1.771594644483
378,1,40.971,-1.784347869814
378,2,40.971,-0.265190696442
378,3,40.971,1.236439629391
379,0,41.042,1.771594644486
379,1,41.042,-1.784347869814
379,2,41.042,-0.265190696442
379,3,41.042,1.236439629387
380,0,41.134,1.771594644491
380,1,41.134,-1.784347869814
380,2,41.134,-0.265190696442
380,3,41.134,1.236439629383
381,0,41.262,1.771594644496
381,1,41.262,-1.784347869814
381,2,41.262,-0.265190696442
381,3,41.262,1.236439629377
382,0,41.454,1.771594644504
382,1,41.454,-1.784347869814
382,2,41.454,-0.265190696442
382,3,41.454,1.236439629369
383,0,41.551,1.771594644508
383,1,41.551,-1.784347869814
383,2,41.551,-0.265190696442
383,3,41.551,1.236439629366
384,0,41.617,1.771594644510
384,1,41.617,-1.784347869814
384,2,41.617,-0.265190696442
384,3,41.617,1.236439629363
385,0,41.684,1.771594644512
385,1,41.684,-1.784347869814
385,2,41.684,-0.265190696442
385,3,41.684,1.236439629361
386,0,41.757,1.771594644515
386,1,41.757,-1.784347869814
386,2,41.757,-0.265190696442
386,3,41.757,1.236439629359
387,0,41.846,1.771594644518
387,1,41.846,-1.784347869814
387,2,41.846,-0.265190696442
387,3,41.846,1.236439629356
388,0,41.960,1.771594644521
388,1,41.960,-1.784347869814
388,2,41.960,-0.265190696442
388,3,41.960,1.236439629353
389,0,42.029,1.771594644523
389,1,42.029,-1.784347869814
389,2,42.029,-0.265190696442
389,3,42.029,1.236439629351
390,0,42.098,1.771594644525
390,1,42.098,-1.784347869814
390,2,42.098,-0.265190696442
390,3,42.098,1.236439629349
391,0,42.174,1.771594644527
391,1,42.174,-1.784347869814
391,2,42.174,-0.265190696442
391,3,42.174,1.236439629347
392,0,42.265,1.771594644529
392,1,42.265,-1.784347869814
392,2,42.265,-0.265190696442
392,3,42.265,1.236439629345
393,0,42.383,1.771594644532
393,1,42.383,-1.784347869814
393,2,42.383,-0.265190696442
393,3,42.383,1.236439629342
394,0,42.434,1.771594644533
394,1,42.434,-1.784347869814
394,2,42.434,-0.265190696442
394,3,42.434,1.236439629341
395,0,42.484,1.771594644534
395,1,42.484,-1.784347869814
395,2,42.484,-0.265190696442
395,3,42.484,1.236439629340
396,0,42.537,1.771594644535
396,1,42.537,-1.784347869814
396,2,42.537,-0.265190696442
396,3,42.537,1.236439629339
397,0,42.599,1.771594644536
397,1,42.599,-1.784347869814
397,2,42.599,-0.265190696442
397,3,42.599,1.236439629337
398,0,42.678,1.771594644538
398,1,42.678,-1.784347869814
398,2,42.678,-0.265190696442
398,3,42.678,1.236439629336
399,0,42.786,1.771594644539
399,1,42.786,-1.784347869814
399,2,42.786,-0.265190696442
399,3,42.786,1.236439629334
400,0,42.944,1.771594644542
400,1,42.944,-1.784347869814
400,2,42.944,-0.265190696442
400,3,42.944,1.236439629331
401,0,43.181,1.771594644546
401,1,43.181,-1.784347869814
401,2,43.181,-0.265190696442
401,3,43.181,1.236439629328
402,0,43.305,1.771594644547
402,1,43.305,-1.784347869814
402,2,43.305,-0.265190696442
402,3,43.305,1.236439629326
403,0,43.363,1.771594644548
403,1,43.363,-1.784347869814
403,2,43.363,-0.265190696442
403,3,43.363,1.236439629325
404,0,43.421,1.771594644549
404,1,43.421,-1.784347869814
404,2,43.421,-0.265190696442
404,3,43.421,1.236439629325
405,0,43.485,1.771594644550
405,1,43.485,-1.784347869814
405,2,43.485,-0.265190696442
405,3,43.485,1.236439629324
406,0,43.561,1.771594644551
406,1,43.561,-1.784347869814
406,2,43.561,-0.265190696442
406,3,43.561,1.236439629323
407,0,43.661,1.771594644552
407,1,43.661,-1.784347869814
407,2,43.661,-0.265190696442
407,3,43.661,1.236439629322
408,0,43.800,1.771594644553
408,1,43.800,-1.784347869814
408,2,43.800,-0.265190696442
408,3,43.800,1.236439629320
409,0,43.918,1.771594644554
409,1,43.918,-1.784347869814
409,2,43.918,-0.265190696442
409,3,43.918,1.236439629319
410,0,43.977,1.771594644555
410,1,43.977,-1.784347869814
410,2,43.977,-0.265190696442
410,3,43.977,1.236439629319
411,0,44.036,1.771594644555
411,1,44.036,-1.784347869814
411,2,44.036,-0.265190696442
411,3,44.036,1.236439629318
412,0,44.101,1.771594644556
412,1,44.101,-1.784347869814
412,2,44.101,-0.265190696442
412,3,44.101,1.236439629318
413,0,44.180,1.771594644556
413,1,44.180,-1.784347869814
413,2,44.180,-0.265190696442
413,3,44.180,1.236439629317
414,0,44.281,1.771594644557
414,1,44.281,-1.784347869814
414,2,44.281,-0.265190696442
414,3,44.281,1.236439629316
415,0,44.424,1.771594644558
415,1,44.424,-1.784347869814
415,2,44.424,-0.265190696442
415,3,44.424,1.236439629315
416,0,44.512,1.771594644559
416,1,44.512,-1.784347869814
416,2,44.512,-0.265190696442
416,3,44.512,1.236439629315
417,0,44.600,1.771594644559
417,1,44.600,-1.784347869814
417,2,44.600,-0.265190696442
417,3,44.600,1.236439629314
418,0,44.671,1.771594644560
418,1,44.671,-1.784347869814
418,2,44.671,-0.265190696442
418,3,44.671,1.236439629314
419,0,44.729,1.771594644560
419,1,44.729,-1.784347869814
419,2,44.729,-0.265190696442
419,3,44.729,1.236439629313
420,0,44.783,1.771594644560
420,1,44.783,-1.784347869814
420,2,44.783,-0.265190696442
420,3,44.783,1.236439629313
421,0,44.837,1.771594644561
421,1,44.837,-1.784347869814
421,2,44.837,-0.265190696442
421,3,44.837,1.236439629313
422,0,44.897,1.771594644561
422,1,44.897,-1.784347869814
422,2,44.897,-0.265190696442
422,3,44.897,1.236439629313
423,0,44.971,1.771594644561
423,1,44.971,-1.784347869814
423,2,44.971,-0.265190696442
423,3,44.971,1.236439629312
424,0,45.067,1.771594644562
424,1,45.067,-1.784347869814
424,2,45.067,-0.265190696442
424,3,45.067,1.236439629312
425,0,45.203,1.771594644562
425,1,45.203,-1.784347869814
425,2,45.203,-0.265190696442
425,3,45.203,1.236439629311
426,0,45.408,1.771594644563
426,1,45.408,-1.784347869814
426,2,45.408,-0.265190696442
426,3,45.408,1.236439629310
427,0,45.576,1.771594644564
427,1,45.576,-1.784347869814
427,2,45.576,-0.265190696442
427,3,45.576,1.236439629310
428,0,45.627,1.771594644564
428,1,45.627,-1.784347869814
428,2,45.627,-0.265190696442
428,3,45.627,1.236439629309
429,0,45.679,1.771594644564
429,1,45.679,-1.784347869814
429,2,45.679,-0.265190696442
429,3,45.679,1.236439629309
430,0,45.736,1.771594644564
430,1,45.736,-1.784347869814
430,2,45.736,-0.265190696442
430,3,45.736,1.236439629309
431,0,45.804,1.771594644565
431,1,45.804,-1.784347869814
431,2,45.804,-0.265190696442
431,3,45.804,1.236439629309
432,0,45.892,1.771594644565
432,1,45.892,-1.784347869814
432,2,45.892,-0.265190696442
432,3,45.892,1.236439629309
433,0,46.016,1.771594644565
433,1,46.016,-1.784347869814
433,2,46.016,-0.265190696442
433,3,46.016,1.236439629308
434,0,46.202,1.771594644566
434,1,46.202,-1.784347869814
434,2,46.202,-0.265190696442
434,3,46.202,1.236439629308
435,0,46.377,1.771594644566
435,1,46.377,-1.784347869814
435,2,46.377,-0.265190696442
435,3,46.377,1.236439629307
436,0,46.428,1.771594644566
436,1,46.428,-1.784347869814
436,2,46.428,-0.265190696442
436,3,46.428,1.236439629307
437,0,46.479,1.771594644566
437,1,46.479,-1.784347869814
437,2,46.479,-0.265190696442
437,3,46.479,1.236439629307
438,0,46.535,1.771594644566
438,1,46.535,-1.784347869814
438,2,46.535,-0.265190696442
438,3,46.535,1.236439629307
439,0,46.602,1.771594644567
439,1,46.602,-1.784347869814
439,2,46.602,-0.265190696442
439,3,46.602,1.236439629307
440,0,46.689,1.771594644567
440,1,46.689,-1.784347869814
440,2,46.689,-0.265190696442
440,3,46.689,1.236439629307
441,0,46.811,1.771594644567
441,1,46.811,-1.784347869814
441,2,46.811,-0.265190696442
441,3,46.811,1.236439629307
442,0,46.995,1.771594644567
442,1,46.995,-1.784347869814
442,2,46.995,-0.265190696442
442,3,46.995,1.236439629306
443,0,47.214,1.771594644568
443,1,47.214,-1.784347869814
443,2,47.214,-0.265190696442
443,3,47.214,1.236439629306
444,0,47.262,1.771594644568
444,1,47.262,-1.784347869814
444,2,47.262,-0.265190696442
444,3,47.262,1.236439629306
445,0,47.310,1.771594644568
445,1,47.310,-1.784347869814
445,2,47.310,-0.265190696442
445,3,47.310,1.236439629306
446,0,47.363,1.771594644568
446,1,47.363,-1.784347869814
446,2,47.363,-0.265190696442
446,3,47.363,1.236439629306
447,0,47.426,1.771594644568
447,1,47.426,-1.784347869814
447,2,47.426,-0.265190696442
447,3,47.426,1.236439629306
448,0,47.509,1.771594644568
448,1,47.509,-1.784347869814
448,2,47.509,-0.265190696442
448,3,47.509,1.236439629306
449,0,47.624,1.771594644568
449,1,47.624,-1.784347869814
449,2,47.624,-0.265190696442
449,3,47.624,1.236439629306
450,0,47.798,1.771594644568
450,1,47.798,-1.784347869814
450,2,47.798,-0.265190696442
450,3,47.798,1.236439629305
451,0,48.058,1.771594644568
451,1,48.058,-1.784347869814
451,2,48.058,-0.265190696442
451,3,48.058,1.236439629305
452,0,48.176,1.771594644569
452,1,48.176,-1.784347869814
452,2,48.176,-0.265190696442
452,3,48.176,1.236439629305
453,0,48.235,1.771594644569
453,1,48.235,-1.784347869814
453,2,48.235,-0.265190696442
453,3,48.235,1.236439629305
454,0,48.295,1.771594644569
454,1,48.295,-1.784347869814
454,2,48.295,-0.265190696442
454,3,48.295,1.236439629305
455,0,48.360,1.771594644569
455,1,48.360,-1.784347869814
455,2,48.360,-0.265190696442
455,3,48.360,1.236439629305
456,0,48.438,1.771594644569
456,1,48.438,-1.784347869814
456,2,48.438,-0.265190696442
456,3,48.438,1.236439629305
457,0,48.539,1.771594644569
457,1,48.539,-1.784347869814
457,2,48.539,-0.265190696442
457,3,48.539,1.236439629305
458,0,48.681,1.771594644569
458,1,48.681,-1.784347869814
458,2,48.681,-0.265190696442
458,3,48.681,1.236439629305
459,0,48.772,1.771594644569
459,1,48.772,-1.784347869814
459,2,48.772,-0.265190696442
459,3,48.772,1.236439629305
460,0,48.842,1.771594644569
460,1,48.842,-1.784347869814
460,2,48.842,-0.265190696442
460,3,48.842,1.236439629305
461,0,48.912,1.771594644569
461,1,48.912,-1.784347869814
461,2,48.912,-0.265190696442
461,3,48.912,1.236439629305
462,0,48.989,1.771594644569
462,1,48.989,-1.784347869814
462,2,48.989,-0.265190696442
462,3,48.989,1.236439629305
463,0,49.081,1.771594644569
463,1,49.081,-1.784347869814
463,2,49.081,-0.265190696442
463,3,49.081,1.236439629304
464,0,49.172,1.771594644569
464,1,49.172,-1.784347869814
464,2,49.172,-0.265190696442
464,3,49.172,1.236439629304
465,0,49.242,1.771594644569
465,1,49.242,-1.784347869814
465,2,49.242,-0.265190696442
465,3,49.242,1.236439629304
466,0,49.312,1.771594644569
466,1,49.312,-1.784347869814
466,2,49.312,-0.265190696442
466,3,49.312,1.236439629304
467,0,49.389,1.771594644569
467,1,49.389,-1.784347869814
467,2,49.389,-0.265190696442
467,3,49.389,1.236439629304
468,0,49.482,1.771594644569
468,1,49.482,-1.784347869814
468,2,49.482,-0.265190696442
468,3,49.482,1.236439629304
469,0,49.571,1.771594644569
469,1,49.571,-1.784347869814
469,2,49.571,-0.265190696442
469,3,49.571,1.236439629304
470,0,49.642,1.771594644569
470,1,49.642,-1.784347869814
470,2,49.642,-0.265190696442
470,3,49.642,1.236439629304
471,0,49.712,1.771594644569
471,1,49.712,-1.784347869814
471,2,49.712,-0.265190696442
471,3,49.712,1.236439629304
472,0,49.789,1.771594644569
472,1,49.789,-1.784347869814
472,2,49.789,-0.265190696442
472,3,49.789,1.236439629304
473,0,49.882,1.771594644569
473,1,49.882,-1.784347869814
473,2,49.882,-0.265190696442
473,3,49.882,1.236439629304
474,0,49.970,1.771594644569
474,1,49.970,-1.784347869814
474,2,49.970,-0.265190696442
474,3,49.970,1.236439629304
475,0,50.057,1.771594644569
475,1,50.057,-1.784347869814
475,2,50.057,-0.265190696442
475,3,50.057,1.236439629304
476,0,50.129,1.771594644569
476,1,50.129,-1.784347869814
476,2,50.129,-0.265190696442
476,3,50.129,1.236439629304
477,0,50.188,1.771594644569
477,1,50.188,-1.784347869814
477,2,50.188,-0.265190696442
477,3,50.188,1.236439629304
478,0,50.242,1.771594644569
478,1,50.242,-1.784347869814
478,2,50.242,-0.265190696442
478,3,50.242,1.236439629304
479,0,50.298,1.771594644569
479,1,50.298,-1.784347869814
479,2,50.298,-0.265190696442
479,3,50.298,1.236439629304
480,0,50.360,1.771594644569
480,1,50.360,-1.784347869814
480,2,50.360,-0.265190696442
480,3,50.360,1.236439629304
481,0,50.436,1.771594644569
481,1,50.436,-1.784347869814
481,2,50.436,-0.265190696442
481,3,50.436,1.236439629304
482,0,50.536,1.771594644569
482,1,50.536,-1.784347869814
482,2,50.536,-0.265190696442
482,3,50.536,1.236439629304
483,0,50.678,1.771594644570
483,1,50.678,-1.784347869814
483,2,50.678,-0.265190696442
483,3,50.678,1.236439629304
484,0,50.892,1.771594644570
484,1,50.892,-1.784347869814
484,2,50.892,-0.265190696442
484,3,50.892,1.236439629304
485,0,50.993,1.771594644570
485,1,50.993,-1.784347869814
485,2,50.993,-0.265190696442
485,3,50.993,1.236439629304
486,0,51.057,1.771594644570
486,1,51.057,-1.784347869814
486,2,51.057,-0.265190696442
486,3,51.057,1.236439629304
487,0,51.122,1.771594644570
487,1,51.122,-1.784347869814
487,2,51.122,-0.265190696442
487,3,51.122,1.236439629304
488,0,51.193,1.771594644570
488,1,51.193,-1.784347869814
488,2,51.193,-0.265190696442
488,3,51.193,1.236439629304
489,0,51.278,1.771594644570
489,1,51.278,-1.784347869814
489,2,51.278,-0.265190696442
489,3,51.278,1.236439629304
490,0,51.389,1.771594644570
490,1,51.389,-1.784347869814
490,2,51.389,-0.265190696442
490,3,51.389,1.236439629304
491,0,51.483,1.771594644570
491,1,51.483,-1.784347869814
491,2,51.483,-0.265190696442
491,3,51.483,1.236439629304
492,0,51.551,1.771594644570
492,1,51.551,-1.784347869814
492,2,51.551,-0.265190696442
492,3,51.551,1.236439629304
493,0,51.619,1.771594644570
493,1,51.619,-1.784347869814
493,2,51.619,-0.265190696442
493,3,51.619,1.236439629304
494,0,51.694,1.771594644570
494,1,51.694,-1.784347869814
494,2,51.694,-0.265190696442
494,3,51.694,1.236439629304
495,0,51.784,1.771594644570
495,1,51.784,-1.784347869814
495,2,51.784,-0.265190696442
495,3,51.784,1.236439629304
496,0,51.901,1.771594644570
496,1,51.901,-1.784347869814
496,2,51.901,-0.265190696442
496,3,51.901,1.236439629304
497,0,51.958,1.771594644570
497,1,51.958,-1.784347869814
497,2,51.958,-0.265190696442
497,3,51.958,1.236439629304
498,0,52.016,1.771594644570
498,1,52.016,-1.784347869814
498,2,52.016,-0.265190696442
498,3,52.016,1.236439629304
499,0,52.079,1.771594644570
499,1,52.079,-1.784347869814
499,2,52.079,-0.265190696442
499,3,52.079,1.236439629304
500,0,52.154,1.771594644570
500,1,52.154,-1.784347869814
500,2,52.154,-0.265190696442
500,3,52.154,1.236439629304
501,0,52.253,1.771594644570
501,1,52.253,-1.784347869814
501,2,52.253,-0.265190696442
501,3,52.253,1.236439629304
502,0,52.391,1.771594644570
502,1,52.391,-1.784347869814
502,2,52.391,-0.265190696442
502,3,52.391,1.236439629304
503,0,52.524,1.771594644570
503,1,52.524,-1.784347869814
503,2,52.524,-0.265190696442
503,3,52.524,1.236439629304
504,0,52.580,1.771594644570
504,1,52.580,-1.784347869814
504,2,52.580,-0.265190696442
504,3,52.580,1.236439629304
505,0,52.636,1.771594644570
505,1,52.636,-1.784347869814
505,2,52.636,-0.265190696442
505,3,52.636,1.236439629304
506,0,52.698,1.771594644570
506,1,52.698,-1.784347869814
506,2,52.698,-0.265190696442
506,3,52.698,1.236439629304
507,0,52.772,1.771594644570
507,1,52.772,-1.784347869814
507,2,52.772,-0.265190696442
507,3,52.772,1.236439629304
508,0,52.868,1.771594644570
508,1,52.868,-1.784347869814
508,2,52.868,-0.265190696442
508,3,52.868,1.236439629304
509,0,53.002,1.771594644570
509,1,53.002,-1.784347869814
509,2,53.002,-0.265190696442
509,3,53.002,1.236439629304
510,0,53.204,1.771594644570
510,1,53.204,-1.784347869814
510,2,53.204,-0.265190696442
510,3,53.204,1.236439629304
511,0,53.250,1.771594644570
511,1,53.250,-1.784347869814
511,2,53.250,-0.265190696442
511,3,53.250,1.236439629304
512,0,53.295,1.771594644570
512,1,53.295,-1.784347869814
512,2,53.295,-0.265190696442
512,3,53.295,1.236439629304
513,0,53.345,1.771594644570
513,1,53.345,-1.784347869814
513,2,53.345,-0.265190696442
513,3,53.345,1.236439629304
514,0,53.405,1.771594644570
514,1,53.405,-1.784347869814
514,2,53.405,-0.265190696442
514,3,53.405,1.236439629304
515,0,53.483,1.771594644570
515,1,53.483,-1.784347869814
515,2,53.483,-0.265190696442
515,3,53.483,1.236439629304
516,0,53.593,1.771594644570
516,1,53.593,-1.784347869814
516,2,53.593,-0.265190696442
516,3,53.593,1.236439629304
517,0,53.757,1.771594644570
517,1,53.757,-1.784347869814
517,2,53.757,-0.265190696442
517,3,53.757,1.236439629304
518,0,54.003,1.771594644570
518,1,54.003,-1.784347869814
518,2,54.003,-0.265190696442
518,3,54.003,1.236439629304
519,0,54.372,1.771594644570
519,1,54.372,-1.784347869814
519,2,54.372,-0.265190696442
519,3,54.372,1.236439629304
520,0,54.431,1.771594644570
520,1,54.431,-1.784347869814
520,2,54.431,-0.265190696442
520,3,54.431,1.236439629304
521,0,54.487,1.771594644570
521,1,54.487,-1.784347869814
521,2,54.487,-0.265190696442
521,3,54.487,1.236439629304
522,0,54.546,1.771594644570
522,1,54.546,-1.784347869814
522,2,54.546,-0.265190696442
522,3,54.546,1.236439629304
523,0,54.614,1.771594644570
523,1,54.614,-1.784347869814
523,2,54.614,-0.265190696442
523,3,54.614,1.236439629304
524,0,54.700,1.771594644570
524,1,54.700,-1.784347869814
524,2,54.700,-0.265190696442
524,3,54.700,1.236439629304
525,0,54.817,1.771594644570
525,1,54.817,-1.784347869814
525,2,54.817,-0.265190696442
525,3,54.817,1.236439629304
526,0,54.987,1.771594644570
526,1,54.987,-1.784347869814
526,2,54.987,-0.265190696442
526,3,54.987,1.236439629304
527,0,55.085,1.771594644570
527,1,55.085,-1.784347869814
527,2,55.085,-0.265190696442
527,3,55.085,1.236439629304
528,0,55.151,1.771594644570
528,1,55.151,-1.784347869814
528,2,55.151,-0.265190696442
528,3,55.151,1.236439629304
529,0,55.217,1.771594644570
529,1,55.217,-1.784347869814
529,2,55.217,-0.265190696442
529,3,55.217,1.236439629304
530,0,55.289,1.771594644570
530,1,55.289,-1.784347869814
530,2,55.289,-0.265190696442
530,3,55.289,1.236439629304
531,0,55.377,1.771594644570
531,1,55.377,-1.784347869814
531,2,55.377,-0.265190696442
531,3,55.377,1.236439629304
532,0,55.490,1.771594644570
532,1,55.490,-1.784347869814
532,2,55.490,-0.265190696442
532,3,55.490,1.236439629304
533,0,55.566,1.771594644570
533,1,55.566,-1.784347869814
533,2,55.566,-0.265190696442
533,3,55.566,1.236439629304
534,0,55.643,1.771594644570
534,1,55.643,-1.784347869814
534,2,55.643,-0.265190696442
534,3,55.643,1.236439629304
535,0,55.724,1.771594644570
535,1,55.724,-1.784347869814
535,2,55.724,-0.265190696442
535,3,55.724,1.236439629304
536,0,55.810,1.771594644570
536,1,55.810,-1.784347869814
536,2,55.810,-0.265190696442
536,3,55.810,1.236439629304
537,0,55.891,1.771594644570
537,1,55.891,-1.784347869814
537,2,55.891,-0.265190696442
537,3,55.891,1.236439629304
538,0,55.960,1.771594644570
538,1,55.960,-1.784347869814
538,2,55.960,-0.265190696442
538,3,55.960,1.236439629304
539,0,56.025,1.771594644570
539,1,56.025,-1.784347869814
539,2,56.025,-0.265190696442
539,3,56.025,1.236439629304
540,0,56.094,1.771594644570
540,1,56.094,-1.784347869814
540,2,56.094,-0.265190696442
540,3,56.094,1.236439629304
541,0,56.172,1.771594644570
541,1,56.172,-1.784347869814
541,2,56.172,-0.265190696442
541,3,56.172,1.236439629304
542,0,56.269,1.771594644570
542,1,56.269,-1.784347869814
542,2,56.269,-0.265190696442
542,3,56.269,1.236439629304
543,0,56.399,1.771594644570
543,1,56.399,-1.784347869814
543,2,56.399,-0.265190696442
543,3,56.399,1.236439629304
544,0,56.455,1.771594644570
544,1,56.455,-1.784347869814
544,2,56.455,-0.265190696442
544,3,56.455,1.236439629304
545,0,56.510,1.771594644570
545,1,56.510,-1.784347869814
545,2,56.510,-0.265190696442
545,3,56.510,1.236439629304
546,0,56.571,1.771594644570
546,1,56.571,-1.784347869814
546,2,56.571,-0.265190696442
546,3,56.571,1.236439629304
547,0,56.645,1.771594644570
547,1,56.645,-1.784347869814
547,2,56.645,-0.265190696442
547,3,56.645,1.236439629304
548,0,56.740,1.771594644570
548,1,56.740,-1.784347869814
548,2,56.740,-0.265190696442
548,3,56.740,1.236439629304
549,0,56.873,1.771594644570
549,1,56.873,-1.784347869814
549,2,56.873,-0.265190696442
549,3,56.873,1.236439629304
550,0,57.073,1.771594644570
550,1,57.073,-1.784347869814
550,2,57.073,-0.265190696442
550,3,57.073,1.236439629304
551,0,57.125,1.771594644570
551,1,57.125,-1.784347869814
551,2,57.125,-0.265190696442
551,3,57.125,1.236439629304
552,0,57.177,1.771594644570
552,1,57.177,-1.784347869814
552,2,57.177,-0.265190696442
552,3,57.177,1.236439629304
553,0,57.233,1.771594644570
553,1,57.233,-1.784347869814
553,2,57.233,-0.265190696442
553,3,57.233,1.236439629304
554,0,57.302,1.771594644570
554,1,57.302,-1.784347869814
554,2,57.302,-0.265190696442
554,3,57.302,1.236439629304
555,0,57.390,1.771594644570
555,1,57.390,-1.784347869814
555,2,57.390,-0.265190696442
555,3,57.390,1.236439629304
556,0,57.514,1.771594644570
556,1,57.514,-1.784347869814
556,2,57.514,-0.265190696442
556,3,57.514,1.236439629304
557,0,57.700,1.771594644570
557,1,57.700,-1.784347869814
557,2,57.700,-0.265190696442
557,3,57.700,1.236439629304
558,0,57.872,1.771594644570
558,1,57.872,-1.784347869814
558,2,57.872,-0.265190696442
558,3,57.872,1.236439629304
559,0,57.923,1.771594644570
559,1,57.923,-1.784347869814
559,2,57.923,-0.265190696442
559,3,57.923,1.236439629304
560,0,57.974,1.771594644570
560,1,57.974,-1.784347869814
560,2,57.974,-0.265190696442
560,3,57.974,1.236439629304
561,0,58.030,1.771594644570
561,1,58.030,-1.784347869814
561,2,58.030,-0.265190696442
561,3,58.030,1.236439629304
562,0,58.098,1.771594644570
562,1,58.098,-1.784347869814
562,2,58.098,-0.265190696442
562,3,58.098,1.236439629304
563,0,58.186,1.771594644570
563,1,58.186,-1.784347869814
563,2,58.186,-0.265190696442
563,3,58.186,1.236439629304
564,0,58.309,1.771594644570
564,1,58.309,-1.784347869814
564,2,58.309,-0.265190696442
564,3,58.309,1.236439629304
565,0,58.493,1.771594644570
565,1,58.493,-1.784347869814
565,2,58.493,-0.265190696442
565,3,58.493,1.236439629304
566,0,58.690,1.771594644570
566,1,58.690,-1.784347869814
566,2,58.690,-0.265190696442
566,3,58.690,1.236439629304
567,0,58.740,1.771594644570
567,1,58.740,-1.784347869814
567,2,58.740,-0.265190696442
567,3,58.740,1.236439629304
568,0,58.789,1.771594644570
568,1,58.789,-1.784347869814
568,2,58.789,-0.265190696442
568,3,58.789,1.236439629304
569,0,58.843,1.771594644570
569,1,58.843,-1.784347869814
569,2,58.843,-0.265190696442
569,3,58.843,1.236439629304
570,0,58.908,1.771594644570
570,1,58.908,-1.784347869814
570,2,58.908,-0.265190696442
570,3,58.908,1.236439629304
571,0,58.993,1.771594644570
571,1,58.993,-1.784347869814
571,2,58.993,-0.265190696442
571,3,58.993,1.236439629304
572,0,59.111,1.771594644570
572,1,59.111,-1.784347869814
572,2,59.111,-0.265190696442
572,3,59.111,1.236439629304
573,0,59.289,1.771594644570
573,1,59.289,-1.784347869814
573,2,59.289,-0.265190696442
573,3,59.289,1.236439629304
574,0,59.556,1.771594644570
574,1,59.556,-1.784347869814
574,2,59.556,-0.265190696442
574,3,59.556,1.236439629304
575,0,59.625,1.771594644570
575,1,59.625,-1.784347869814
575,2,59.625,-0.265190696442
575,3,59.625,1.236439629304
576,0,59.695,1.771594644570
576,1,59.695,-1.784347869814
576,2,59.695,-0.265190696442
576,3,59.695,1.236439629304
577,0,59.771,1.771594644570
577,1,59.771,-1.784347869814
577,2,59.771,-0.265190696442
577,3,59.771,1.236439629304
578,0,59.863,1.771594644570
578,1,59.863,-1.784347869814
578,2,59.863,-0.265190696442
578,3,59.863,1.236439629304
579,0,59.923,1.771594644570
579,1,59.923,-1.784347869814
579,2,59.923,-0.265190696442
579,3,59.923,1.236439629304
580,0,60.000,1.771594644570
580,1,60.000,-1.784347869814
580,2,60.000,-0.265190696442
580,3,60.000,1.236439629304
