106,4,time,val
0,0,0,0.000,0.000
0,0,1,0.000,-0.025
0,0,2,0.000,0.000
0,0,3,0.000,0.000
0,1,0,0.000,-0.025
0,1,1,0.000,0.000
0,1,2,0.000,-0.025
0,1,3,0.000,0.000
0,2,0,0.000,0.000
0,2,1,0.000,-0.025
0,2,2,0.000,0.000
0,2,3,0.000,-0.025
0,3,0,0.000,0.000
0,3,1,0.000,0.000
0,3,2,0.000,-0.025
0,3,3,0.000,0.000
1,0,0,0.017,0.000
1,0,1,0.017,-0.026
1,0,2,0.017,0.002
1,0,3,0.017,0.000
1,1,0,0.017,-0.026
1,1,1,0.017,0.000
1,1,2,0.017,-0.027
1,1,3,0.017,0.002
1,2,0,0.017,0.002
1,2,1,0.017,-0.027
1,2,2,0.017,0.000
1,2,3,0.017,-0.026
1,3,0,0.017,0.000
1,3,1,0.017,0.002
1,3,2,0.017,-0.026
1,3,3,0.017,0.000
2,0,0,0.033,0.000
2,0,1,0.033,-0.027
2,0,2,0.033,0.003
2,0,3,0.033,-0.000
2,1,0,0.033,-0.027
2,1,1,0.033,0.000
2,1,2,0.033,-0.028
2,1,3,0.033,0.003
2,2,0,0.033,0.003
2,2,1,0.033,-0.028
2,2,2,0.033,0.000
2,2,3,0.033,-0.027
2,3,0,0.033,-0.000
2,3,1,0.033,0.003
2,3,2,0.033,-0.027
2,3,3,0.033,0.000
3,0,0,0.050,0.000
3,0,1,0.050,-0.027
3,0,2,0.050,0.005
3,0,3,0.050,-0.000
3,1,0,0.050,-0.027
3,1,1,0.050,0.000
3,1,2,0.050,-0.030
3,1,3,0.050,0.005
3,2,0,0.050,0.005
3,2,1,0.050,-0.030
3,2,2,0.050,0.000
3,2,3,0.050,-0.027
3,3,0,0.050,-0.000
3,3,1,0.050,0.005
3,3,2,0.050,-0.027
3,3,3,0.050,0.000
4,0,0,0.066,0.000
4,0,1,0.066,-0.028
4,0,2,0.066,0.007
4,0,3,0.066,-0.001
4,1,0,0.066,-0.028
4,1,1,0.066,0.000
4,1,2,0.066,-0.033
4,1,3,0.066,0.007
4,2,0,0.066,0.007
4,2,1,0.066,-0.033
4,2,2,0.066,0.000
4,2,3,0.066,-0.028
4,3,0,0.066,-0.001
4,3,1,0.066,0.007
4,3,2,0.066,-0.028
4,3,3,0.066,0.000
5,0,0,0.082,0.000
5,0,1,0.082,-0.029
5,0,2,0.082,0.009
5,0,3,0.082,-0.001
5,1,0,0.082,-0.029
5,1,1,0.082,0.000
5,1,2,0.082,-0.035
5,1,3,0.082,0.009
5,2,0,0.082,0.009
5,2,1,0.082,-0.035
5,2,2,0.082,0.000
5,2,3,0.082,-0.029
5,3,0,0.082,-0.001
5,3,1,0.082,0.009
5,3,2,0.082,-0.029
5,3,3,0.082,0.000
6,0,0,0.099,0.000
6,0,1,0.099,-0.029
6,0,2,0.099,0.011
6,0,3,0.099,-0.002
6,1,0,0.099,-0.029
6,1,1,0.099,0.000
6,1,2,0.099,-0.037
6,1,3,0.099,0.011
6,2,0,0.099,0.011
6,2,1,0.099,-0.037
6,2,2,0.099,0.000
6,2,3,0.099,-0.030
6,3,0,0.099,-0.002
6,3,1,0.099,0.011
6,3,2,0.099,-0.030
6,3,3,0.099,0.000
7,0,0,0.115,0.000
7,0,1,0.115,-0.030
7,0,2,0.115,0.014
7,0,3,0.115,-0.002
7,1,0,0.115,-0.030
7,1,1,0.115,0.000
7,1,2,0.115,-0.040
7,1,3,0.115,0.013
7,2,0,0.115,0.014
7,2,1,0.115,-0.040
7,2,2,0.115,0.000
7,2,3,0.115,-0.030
7,3,0,0.115,-0.002
7,3,1,0.115,0.013
7,3,2,0.115,-0.030
7,3,3,0.115,0.000
8,0,0,0.131,0.000
8,0,1,0.131,-0.030
8,0,2,0.131,0.016
8,0,3,0.131,-0.003
8,1,0,0.131,-0.030
8,1,1,0.131,0.000
8,1,2,0.131,-0.043
8,1,3,0.131,0.016
8,2,0,0.131,0.016
8,2,1,0.131,-0.043
8,2,2,0.131,0.000
8,2,3,0.131,-0.031
8,3,0,0.131,-0.003
8,3,1,0.131,0.016
8,3,2,0.131,-0.031
8,3,3,0.131,0.000
9,0,0,0.148,0.000
9,0,1,0.148,-0.031
9,0,2,0.148,0.019
9,0,3,0.148,-0.004
9,1,0,0.148,-0.031
9,1,1,0.148,0.000
9,1,2,0.148,-0.046
9,1,3,0.148,0.018
9,2,0,0.148,0.019
9,2,1,0.148,-0.046
9,2,2,0.148,0.000
9,2,3,0.148,-0.031
9,3,0,0.148,-0.004
9,3,1,0.148,0.018
9,3,2,0.148,-0.031
9,3,3,0.148,0.000
10,0,0,0.164,0.000
10,0,1,0.164,-0.031
10,0,2,0.164,0.022
10,0,3,0.164,-0.006
10,1,0,0.164,-0.031
10,1,1,0.164,0.000
10,1,2,0.164,-0.049
10,1,3,0.164,0.021
10,2,0,0.164,0.022
10,2,1,0.164,-0.049
10,2,2,0.164,0.000
10,2,3,0.164,-0.032
10,3,0,0.164,-0.006
10,3,1,0.164,0.021
10,3,2,0.164,-0.032
10,3,3,0.164,0.000
11,0,0,0.181,0.000
11,0,1,0.181,-0.031
11,0,2,0.181,0.024
11,0,3,0.181,-0.007
11,1,0,0.181,-0.031
11,1,1,0.181,0.000
11,1,2,0.181,-0.052
11,1,3,0.181,0.024
11,2,0,0.181,0.024
11,2,1,0.181,-0.052
11,2,2,0.181,0.000
11,2,3,0.181,-0.033
11,3,0,0.181,-0.007
11,3,1,0.181,0.024
11,3,2,0.181,-0.033
11,3,3,0.181,0.000
12,0,0,0.198,0.000
12,0,1,0.198,-0.031
12,0,2,0.198,0.028
12,0,3,0.198,-0.009
12,1,0,0.198,-0.031
12,1,1,0.198,0.000
12,1,2,0.198,-0.056
12,1,3,0.198,0.026
12,2,0,0.198,0.028
12,2,1,0.198,-0.056
12,2,2,0.198,0.000
12,2,3,0.198,-0.033
12,3,0,0.198,-0.009
12,3,1,0.198,0.026
12,3,2,0.198,-0.033
12,3,3,0.198,0.000
13,0,0,0.215,0.000
13,0,1,0.215,-0.031
13,0,2,0.215,0.031
13,0,3,0.215,-0.011
13,1,0,0.215,-0.031
13,1,1,0.215,0.000
13,1,2,0.215,-0.059
13,1,3,0.215,0.029
13,2,0,0.215,0.031
13,2,1,0.215,-0.059
13,2,2,0.215,0.000
13,2,3,0.215,-0.034
13,3,0,0.215,-0.011
13,3,1,0.215,0.029
13,3,2,0.215,-0.034
13,3,3,0.215,0.000
14,0,0,0.230,0.000
14,0,1,0.230,-0.032
14,0,2,0.230,0.034
14,0,3,0.230,-0.012
14,1,0,0.230,-0.032
14,1,1,0.230,0.000
14,1,2,0.230,-0.063
14,1,3,0.230,0.032
14,2,0,0.230,0.034
14,2,1,0.230,-0.063
14,2,2,0.230,0.000
14,2,3,0.230,-0.034
14,3,0,0.230,-0.012
14,3,1,0.230,0.032
14,3,2,0.230,-0.034
14,3,3,0.230,0.000
15,0,0,0.246,0.000
15,0,1,0.246,-0.032
15,0,2,0.246,0.037
15,0,3,0.246,-0.015
15,1,0,0.246,-0.032
15,1,1,0.246,0.000
15,1,2,0.246,-0.067
15,1,3,0.246,0.035
15,2,0,0.246,0.037
15,2,1,0.246,-0.067
15,2,2,0.246,0.000
15,2,3,0.246,-0.034
15,3,0,0.246,-0.015
15,3,1,0.246,0.035
15,3,2,0.246,-0.034
15,3,3,0.246,0.000
16,0,0,0.261,0.000
16,0,1,0.261,-0.032
16,0,2,0.261,0.041
16,0,3,0.261,-0.017
16,1,0,0.261,-0.032
16,1,1,0.261,0.000
16,1,2,0.261,-0.071
16,1,3,0.261,0.038
16,2,0,0.261,0.041
16,2,1,0.261,-0.071
16,2,2,0.261,0.000
16,2,3,0.261,-0.035
16,3,0,0.261,-0.017
16,3,1,0.261,0.038
16,3,2,0.261,-0.035
16,3,3,0.261,0.000
17,0,0,0.277,0.000
17,0,1,0.277,-0.031
17,0,2,0.277,0.044
17,0,3,0.277,-0.019
17,1,0,0.277,-0.031
17,1,1,0.277,0.000
17,1,2,0.277,-0.075
17,1,3,0.277,0.041
17,2,0,0.277,0.044
17,2,1,0.277,-0.075
17,2,2,0.277,0.000
17,2,3,0.277,-0.035
17,3,0,0.277,-0.019
17,3,1,0.277,0.041
17,3,2,0.277,-0.035
17,3,3,0.277,0.000
18,0,0,0.286,0.000
18,0,1,0.286,-0.031
18,0,2,0.286,0.046
18,0,3,0.286,-0.020
18,1,0,0.286,-0.031
18,1,1,0.286,0.000
18,1,2,0.286,-0.077
18,1,3,0.286,0.043
18,2,0,0.286,0.046
18,2,1,0.286,-0.077
18,2,2,0.286,0.000
18,2,3,0.286,-0.035
18,3,0,0.286,-0.020
18,3,1,0.286,0.043
18,3,2,0.286,-0.035
18,3,3,0.286,0.000
19,0,0,0.294,0.000
19,0,1,0.294,-0.031
19,0,2,0.294,0.048
19,0,3,0.294,-0.022
19,1,0,0.294,-0.031
19,1,1,0.294,0.000
19,1,2,0.294,-0.079
19,1,3,0.294,0.044
19,2,0,0.294,0.048
19,2,1,0.294,-0.079
19,2,2,0.294,0.000
19,2,3,0.294,-0.035
19,3,0,0.294,-0.022
19,3,1,0.294,0.044
19,3,2,0.294,-0.035
19,3,3,0.294,0.000
20,0,0,0.303,0.000
20,0,1,0.303,-0.031
20,0,2,0.303,0.051
20,0,3,0.303,-0.023
20,1,0,0.303,-0.031
20,1,1,0.303,0.000
20,1,2,0.303,-0.082
20,1,3,0.303,0.046
20,2,0,0.303,0.051
20,2,1,0.303,-0.082
20,2,2,0.303,0.000
20,2,3,0.303,-0.035
20,3,0,0.303,-0.023
20,3,1,0.303,0.046
20,3,2,0.303,-0.035
20,3,3,0.303,0.000
21,0,0,0.312,0.000
21,0,1,0.312,-0.031
21,0,2,0.312,0.053
21,0,3,0.312,-0.025
21,1,0,0.312,-0.031
21,1,1,0.312,0.000
21,1,2,0.312,-0.084
21,1,3,0.312,0.048
21,2,0,0.312,0.053
21,2,1,0.312,-0.084
21,2,2,0.312,0.000
21,2,3,0.312,-0.036
21,3,0,0.312,-0.025
21,3,1,0.312,0.048
21,3,2,0.312,-0.036
21,3,3,0.312,0.000
22,0,0,0.321,0.000
22,0,1,0.321,-0.031
22,0,2,0.321,0.055
22,0,3,0.321,-0.027
22,1,0,0.321,-0.031
22,1,1,0.321,0.000
22,1,2,0.321,-0.086
22,1,3,0.321,0.050
22,2,0,0.321,0.055
22,2,1,0.321,-0.086
22,2,2,0.321,0.000
22,2,3,0.321,-0.036
22,3,0,0.321,-0.027
22,3,1,0.321,0.050
22,3,2,0.321,-0.036
22,3,3,0.321,0.000
23,0,0,0.329,0.000
23,0,1,0.329,-0.031
23,0,2,0.329,0.057
23,0,3,0.329,-0.028
23,1,0,0.329,-0.031
23,1,1,0.329,0.000
23,1,2,0.329,-0.089
23,1,3,0.329,0.051
23,2,0,0.329,0.057
23,2,1,0.329,-0.089
23,2,2,0.329,0.000
23,2,3,0.329,-0.036
23,3,0,0.329,-0.028
23,3,1,0.329,0.051
23,3,2,0.329,-0.036
23,3,3,0.329,0.000
24,0,0,0.338,0.000
24,0,1,0.338,-0.030
24,0,2,0.338,0.060
24,0,3,0.338,-0.030
24,1,0,0.338,-0.030
24,1,1,0.338,0.000
24,1,2,0.338,-0.091
24,1,3,0.338,0.053
24,2,0,0.338,0.060
24,2,1,0.338,-0.091
24,2,2,0.338,0.000
24,2,3,0.338,-0.036
24,3,0,0.338,-0.030
24,3,1,0.338,0.053
24,3,2,0.338,-0.036
24,3,3,0.338,0.000
25,0,0,0.347,0.000
25,0,1,0.347,-0.030
25,0,2,0.347,0.062
25,0,3,0.347,-0.032
25,1,0,0.347,-0.030
25,1,1,0.347,0.000
25,1,2,0.347,-0.094
25,1,3,0.347,0.055
25,2,0,0.347,0.062
25,2,1,0.347,-0.094
25,2,2,0.347,0.000
25,2,3,0.347,-0.036
25,3,0,0.347,-0.032
25,3,1,0.347,0.055
25,3,2,0.347,-0.036
25,3,3,0.347,0.000
26,0,0,0.356,0.000
26,0,1,0.356,-0.030
26,0,2,0.356,0.064
26,0,3,0.356,-0.033
26,1,0,0.356,-0.030
26,1,1,0.356,0.000
26,1,2,0.356,-0.096
26,1,3,0.356,0.057
26,2,0,0.356,0.064
26,2,1,0.356,-0.096
26,2,2,0.356,0.000
26,2,3,0.356,-0.036
26,3,0,0.356,-0.033
26,3,1,0.356,0.057
26,3,2,0.356,-0.036
26,3,3,0.356,0.000
27,0,0,0.365,0.000
27,0,1,0.365,-0.030
27,0,2,0.365,0.067
27,0,3,0.365,-0.035
27,1,0,0.365,-0.030
27,1,1,0.365,0.000
27,1,2,0.365,-0.099
27,1,3,0.365,0.058
27,2,0,0.365,0.067
27,2,1,0.365,-0.099
27,2,2,0.365,0.000
27,2,3,0.365,-0.036
27,3,0,0.365,-0.035
27,3,1,0.365,0.058
27,3,2,0.365,-0.036
27,3,3,0.365,0.000
28,0,0,0.374,0.000
28,0,1,0.374,-0.030
28,0,2,0.374,0.069
28,0,3,0.374,-0.037
28,1,0,0.374,-0.030
28,1,1,0.374,0.000
28,1,2,0.374,-0.102
28,1,3,0.374,0.060
28,2,0,0.374,0.069
28,2,1,0.374,-0.102
28,2,2,0.374,0.000
28,2,3,0.374,-0.036
28,3,0,0.374,-0.037
28,3,1,0.374,0.060
28,3,2,0.374,-0.036
28,3,3,0.374,0.000
29,0,0,0.383,0.000
29,0,1,0.383,-0.029
29,0,2,0.383,0.072
29,0,3,0.383,-0.039
29,1,0,0.383,-0.029
29,1,1,0.383,0.000
29,1,2,0.383,-0.104
29,1,3,0.383,0.062
29,2,0,0.383,0.072
29,2,1,0.383,-0.104
29,2,2,0.383,0.000
29,2,3,0.383,-0.036
29,3,0,0.383,-0.039
29,3,1,0.383,0.062
29,3,2,0.383,-0.036
29,3,3,0.383,0.000
30,0,0,0.392,0.000
30,0,1,0.392,-0.029
30,0,2,0.392,0.074
30,0,3,0.392,-0.041
30,1,0,0.392,-0.029
30,1,1,0.392,0.000
30,1,2,0.392,-0.107
30,1,3,0.392,0.064
30,2,0,0.392,0.074
30,2,1,0.392,-0.107
30,2,2,0.392,0.000
30,2,3,0.392,-0.036
30,3,0,0.392,-0.041
30,3,1,0.392,0.064
30,3,2,0.392,-0.036
30,3,3,0.392,0.000
31,0,0,0.401,0.000
31,0,1,0.401,-0.029
31,0,2,0.401,0.077
31,0,3,0.401,-0.043
31,1,0,0.401,-0.029
31,1,1,0.401,0.000
31,1,2,0.401,-0.109
31,1,3,0.401,0.065
31,2,0,0.401,0.077
31,2,1,0.401,-0.109
31,2,2,0.401,0.000
31,2,3,0.401,-0.036
31,3,0,0.401,-0.043
31,3,1,0.401,0.065
31,3,2,0.401,-0.036
31,3,3,0.401,0.000
32,0,0,0.410,0.000
32,0,1,0.410,-0.029
32,0,2,0.410,0.080
32,0,3,0.410,-0.045
32,1,0,0.410,-0.029
32,1,1,0.410,0.000
32,1,2,0.410,-0.112
32,1,3,0.410,0.067
32,2,0,0.410,0.080
32,2,1,0.410,-0.112
32,2,2,0.410,0.000
32,2,3,0.410,-0.036
32,3,0,0.410,-0.045
32,3,1,0.410,0.067
32,3,2,0.410,-0.036
32,3,3,0.410,0.000
33,0,0,0.419,0.000
33,0,1,0.419,-0.028
33,0,2,0.419,0.082
33,0,3,0.419,-0.047
33,1,0,0.419,-0.028
33,1,1,0.419,0.000
33,1,2,0.419,-0.115
33,1,3,0.419,0.069
33,2,0,0.419,0.082
33,2,1,0.419,-0.115
33,2,2,0.419,0.000
33,2,3,0.419,-0.036
33,3,0,0.419,-0.047
33,3,1,0.419,0.069
33,3,2,0.419,-0.036
33,3,3,0.419,0.000
34,0,0,0.428,0.000
34,0,1,0.428,-0.028
34,0,2,0.428,0.085
34,0,3,0.428,-0.049
34,1,0,0.428,-0.028
34,1,1,0.428,0.000
34,1,2,0.428,-0.117
34,1,3,0.428,0.070
34,2,0,0.428,0.085
34,2,1,0.428,-0.117
34,2,2,0.428,0.000
34,2,3,0.428,-0.036
34,3,0,0.428,-0.049
34,3,1,0.428,0.070
34,3,2,0.428,-0.036
34,3,3,0.428,0.000
35,0,0,0.438,0.000
35,0,1,0.438,-0.028
35,0,2,0.438,0.088
35,0,3,0.438,-0.051
35,1,0,0.438,-0.028
35,1,1,0.438,0.000
35,1,2,0.438,-0.120
35,1,3,0.438,0.072
35,2,0,0.438,0.088
35,2,1,0.438,-0.120
35,2,2,0.438,0.000
35,2,3,0.438,-0.036
35,3,0,0.438,-0.051
35,3,1,0.438,0.072
35,3,2,0.438,-0.036
35,3,3,0.438,0.000
36,0,0,0.447,0.000
36,0,1,0.447,-0.027
36,0,2,0.447,0.091
36,0,3,0.447,-0.053
36,1,0,0.447,-0.027
36,1,1,0.447,0.000
36,1,2,0.447,-0.123
36,1,3,0.447,0.074
36,2,0,0.447,0.091
36,2,1,0.447,-0.123
36,2,2,0.447,0.000
36,2,3,0.447,-0.036
36,3,0,0.447,-0.053
36,3,1,0.447,0.074
36,3,2,0.447,-0.036
36,3,3,0.447,0.000
37,0,0,0.456,0.000
37,0,1,0.456,-0.027
37,0,2,0.456,0.094
37,0,3,0.456,-0.055
37,1,0,0.456,-0.027
37,1,1,0.456,0.000
37,1,2,0.456,-0.125
37,1,3,0.456,0.075
37,2,0,0.456,0.094
37,2,1,0.456,-0.125
37,2,2,0.456,0.000
37,2,3,0.456,-0.036
37,3,0,0.456,-0.055
37,3,1,0.456,0.075
37,3,2,0.456,-0.036
37,3,3,0.456,0.000
38,0,0,0.466,0.000
38,0,1,0.466,-0.027
38,0,2,0.466,0.096
38,0,3,0.466,-0.057
38,1,0,0.466,-0.027
38,1,1,0.466,0.000
38,1,2,0.466,-0.128
38,1,3,0.466,0.077
38,2,0,0.466,0.096
38,2,1,0.466,-0.128
38,2,2,0.466,0.000
38,2,3,0.466,-0.036
38,3,0,0.466,-0.057
38,3,1,0.466,0.077
38,3,2,0.466,-0.036
38,3,3,0.466,0.000
39,0,0,0.475,0.000
39,0,1,0.475,-0.026
39,0,2,0.475,0.099
39,0,3,0.475,-0.059
39,1,0,0.475,-0.026
39,1,1,0.475,0.000
39,1,2,0.475,-0.131
39,1,3,0.475,0.078
39,2,0,0.475,0.099
39,2,1,0.475,-0.131
39,2,2,0.475,0.000
39,2,3,0.475,-0.036
39,3,0,0.475,-0.059
39,3,1,0.475,0.078
39,3,2,0.475,-0.036
39,3,3,0.475,0.000
40,0,0,0.485,0.000
40,0,1,0.485,-0.026
40,0,2,0.485,0.102
40,0,3,0.485,-0.061
40,1,0,0.485,-0.026
40,1,1,0.485,0.000
40,1,2,0.485,-0.134
40,1,3,0.485,0.080
40,2,0,0.485,0.102
40,2,1,0.485,-0.134
40,2,2,0.485,0.000
40,2,3,0.485,-0.036
40,3,0,0.485,-0.061
40,3,1,0.485,0.080
40,3,2,0.485,-0.036
40,3,3,0.485,0.000
41,0,0,0.495,0.000
41,0,1,0.495,-0.026
41,0,2,0.495,0.105
41,0,3,0.495,-0.063
41,1,0,0.495,-0.026
41,1,1,0.495,0.000
41,1,2,0.495,-0.136
41,1,3,0.495,0.081
41,2,0,0.495,0.105
41,2,1,0.495,-0.136
41,2,2,0.495,0.000
41,2,3,0.495,-0.036
41,3,0,0.495,-0.063
41,3,1,0.495,0.081
41,3,2,0.495,-0.036
41,3,3,0.495,0.000
42,0,0,0.505,0.000
42,0,1,0.505,-0.025
42,0,2,0.505,0.108
42,0,3,0.505,-0.065
42,1,0,0.505,-0.025
42,1,1,0.505,0.000
42,1,2,0.505,-0.139
42,1,3,0.505,0.082
42,2,0,0.505,0.108
42,2,1,0.505,-0.139
42,2,2,0.505,0.000
42,2,3,0.505,-0.036
42,3,0,0.505,-0.065
42,3,1,0.505,0.082
42,3,2,0.505,-0.036
42,3,3,0.505,0.000
43,0,0,0.515,0.000
43,0,1,0.515,-0.025
43,0,2,0.515,0.112
43,0,3,0.515,-0.067
43,1,0,0.515,-0.025
43,1,1,0.515,0.000
43,1,2,0.515,-0.142
43,1,3,0.515,0.084
43,2,0,0.515,0.112
43,2,1,0.515,-0.142
43,2,2,0.515,0.000
43,2,3,0.515,-0.036
43,3,0,0.515,-0.067
43,3,1,0.515,0.084
43,3,2,0.515,-0.036
43,3,3,0.515,0.000
44,0,0,0.525,0.000
44,0,1,0.525,-0.025
44,0,2,0.525,0.115
44,0,3,0.525,-0.069
44,1,0,0.525,-0.025
44,1,1,0.525,0.000
44,1,2,0.525,-0.145
44,1,3,0.525,0.085
44,2,0,0.525,0.115
44,2,1,0.525,-0.145
44,2,2,0.525,0.000
44,2,3,0.525,-0.036
44,3,0,0.525,-0.069
44,3,1,0.525,0.085
44,3,2,0.525,-0.036
44,3,3,0.525,0.000
45,0,0,0.535,0.000
45,0,1,0.535,-0.024
45,0,2,0.535,0.118
45,0,3,0.535,-0.071
45,1,0,0.535,-0.024
45,1,1,0.535,0.000
45,1,2,0.535,-0.148
45,1,3,0.535,0.086
45,2,0,0.535,0.118
45,2,1,0.535,-0.148
45,2,2,0.535,0.000
45,2,3,0.535,-0.036
45,3,0,0.535,-0.071
45,3,1,0.535,0.086
45,3,2,0.535,-0.036
45,3,3,0.535,0.000
46,0,0,0.545,0.000
46,0,1,0.545,-0.024
46,0,2,0.545,0.121
46,0,3,0.545,-0.073
46,1,0,0.545,-0.024
46,1,1,0.545,0.000
46,1,2,0.545,-0.150
46,1,3,0.545,0.087
46,2,0,0.545,0.121
46,2,1,0.545,-0.150
46,2,2,0.545,0.000
46,2,3,0.545,-0.036
46,3,0,0.545,-0.073
46,3,1,0.545,0.087
46,3,2,0.545,-0.036
46,3,3,0.545,0.000
47,0,0,0.556,0.000
47,0,1,0.556,-0.023
47,0,2,0.556,0.124
47,0,3,0.556,-0.075
47,1,0,0.556,-0.023
47,1,1,0.556,0.000
47,1,2,0.556,-0.153
47,1,3,0.556,0.088
47,2,0,0.556,0.124
47,2,1,0.556,-0.153
47,2,2,0.556,0.000
47,2,3,0.556,-0.036
47,3,0,0.556,-0.075
47,3,1,0.556,0.088
47,3,2,0.556,-0.036
47,3,3,0.556,0.000
48,0,0,0.567,0.000
48,0,1,0.567,-0.023
48,0,2,0.567,0.128
48,0,3,0.567,-0.077
48,1,0,0.567,-0.023
48,1,1,0.567,0.000
48,1,2,0.567,-0.156
48,1,3,0.567,0.089
48,2,0,0.567,0.128
48,2,1,0.567,-0.156
48,2,2,0.567,0.000
48,2,3,0.567,-0.035
48,3,0,0.567,-0.077
48,3,1,0.567,0.089
48,3,2,0.567,-0.035
48,3,3,0.567,0.000
49,0,0,0.578,0.000
49,0,1,0.578,-0.023
49,0,2,0.578,0.131
49,0,3,0.578,-0.079
49,1,0,0.578,-0.023
49,1,1,0.578,0.000
49,1,2,0.578,-0.159
49,1,3,0.578,0.090
49,2,0,0.578,0.131
49,2,1,0.578,-0.159
49,2,2,0.578,0.000
49,2,3,0.578,-0.035
49,3,0,0.578,-0.079
49,3,1,0.578,0.090
49,3,2,0.578,-0.035
49,3,3,0.578,0.000
50,0,0,0.589,0.000
50,0,1,0.589,-0.022
50,0,2,0.589,0.135
50,0,3,0.589,-0.081
50,1,0,0.589,-0.022
50,1,1,0.589,0.000
50,1,2,0.589,-0.162
50,1,3,0.589,0.091
50,2,0,0.589,0.135
50,2,1,0.589,-0.162
50,2,2,0.589,0.000
50,2,3,0.589,-0.035
50,3,0,0.589,-0.081
50,3,1,0.589,0.091
50,3,2,0.589,-0.035
50,3,3,0.589,0.000
51,0,0,0.600,0.000
51,0,1,0.600,-0.022
51,0,2,0.600,0.138
51,0,3,0.600,-0.082
51,1,0,0.600,-0.022
51,1,1,0.600,0.000
51,1,2,0.600,-0.165
51,1,3,0.600,0.091
51,2,0,0.600,0.138
51,2,1,0.600,-0.165
51,2,2,0.600,0.000
51,2,3,0.600,-0.035
51,3,0,0.600,-0.082
51,3,1,0.600,0.091
51,3,2,0.600,-0.035
51,3,3,0.600,0.000
52,0,0,0.612,0.000
52,0,1,0.612,-0.022
52,0,2,0.612,0.142
52,0,3,0.612,-0.084
52,1,0,0.612,-0.022
52,1,1,0.612,0.000
52,1,2,0.612,-0.168
52,1,3,0.612,0.092
52,2,0,0.612,0.142
52,2,1,0.612,-0.168
52,2,2,0.612,0.000
52,2,3,0.612,-0.035
52,3,0,0.612,-0.084
52,3,1,0.612,0.092
52,3,2,0.612,-0.035
52,3,3,0.612,0.000
53,0,0,0.623,0.000
53,0,1,0.623,-0.021
53,0,2,0.623,0.145
53,0,3,0.623,-0.086
53,1,0,0.623,-0.021
53,1,1,0.623,0.000
53,1,2,0.623,-0.171
53,1,3,0.623,0.092
53,2,0,0.623,0.145
53,2,1,0.623,-0.171
53,2,2,0.623,0.000
53,2,3,0.623,-0.035
53,3,0,0.623,-0.086
53,3,1,0.623,0.092
53,3,2,0.623,-0.035
53,3,3,0.623,0.000
54,0,0,0.635,0.000
54,0,1,0.635,-0.021
54,0,2,0.635,0.149
54,0,3,0.635,-0.087
54,1,0,0.635,-0.021
54,1,1,0.635,0.000
54,1,2,0.635,-0.175
54,1,3,0.635,0.093
54,2,0,0.635,0.149
54,2,1,0.635,-0.175
54,2,2,0.635,0.000
54,2,3,0.635,-0.034
54,3,0,0.635,-0.087
54,3,1,0.635,0.093
54,3,2,0.635,-0.034
54,3,3,0.635,0.000
55,0,0,0.648,0.000
55,0,1,0.648,-0.020
55,0,2,0.648,0.153
55,0,3,0.648,-0.089
55,1,0,0.648,-0.020
55,1,1,0.648,0.000
55,1,2,0.648,-0.178
55,1,3,0.648,0.093
55,2,0,0.648,0.153
55,2,1,0.648,-0.178
55,2,2,0.648,0.000
55,2,3,0.648,-0.034
55,3,0,0.648,-0.089
55,3,1,0.648,0.093
55,3,2,0.648,-0.034
55,3,3,0.648,0.000
56,0,0,0.661,0.000
56,0,1,0.661,-0.020
56,0,2,0.661,0.157
56,0,3,0.661,-0.090
56,1,0,0.661,-0.020
56,1,1,0.661,0.000
56,1,2,0.661,-0.181
56,1,3,0.661,0.093
56,2,0,0.661,0.157
56,2,1,0.661,-0.181
56,2,2,0.661,0.000
56,2,3,0.661,-0.034
56,3,0,0.661,-0.090
56,3,1,0.661,0.093
56,3,2,0.661,-0.034
56,3,3,0.661,0.000
57,0,0,0.674,0.000
57,0,1,0.674,-0.020
57,0,2,0.674,0.161
57,0,3,0.674,-0.091
57,1,0,0.674,-0.020
57,1,1,0.674,0.000
57,1,2,0.674,-0.185
57,1,3,0.674,0.093
57,2,0,0.674,0.161
57,2,1,0.674,-0.185
57,2,2,0.674,0.000
57,2,3,0.674,-0.033
57,3,0,0.674,-0.091
57,3,1,0.674,0.093
57,3,2,0.674,-0.033
57,3,3,0.674,0.000
58,0,0,0.687,0.000
58,0,1,0.687,-0.019
58,0,2,0.687,0.165
58,0,3,0.687,-0.092
58,1,0,0.687,-0.019
58,1,1,0.687,0.000
58,1,2,0.687,-0.188
58,1,3,0.687,0.093
58,2,0,0.687,0.165
58,2,1,0.687,-0.188
58,2,2,0.687,0.000
58,2,3,0.687,-0.033
58,3,0,0.687,-0.092
58,3,1,0.687,0.093
58,3,2,0.687,-0.033
58,3,3,0.687,0.000
59,0,0,0.701,0.000
59,0,1,0.701,-0.019
59,0,2,0.701,0.169
59,0,3,0.701,-0.093
59,1,0,0.701,-0.019
59,1,1,0.701,0.000
59,1,2,0.701,-0.192
59,1,3,0.701,0.093
59,2,0,0.701,0.169
59,2,1,0.701,-0.192
59,2,2,0.701,0.000
59,2,3,0.701,-0.033
59,3,0,0.701,-0.093
59,3,1,0.701,0.093
59,3,2,0.701,-0.033
59,3,3,0.701,0.000
60,0,0,0.715,0.000
60,0,1,0.715,-0.019
60,0,2,0.715,0.173
60,0,3,0.715,-0.094
60,1,0,0.715,-0.019
60,1,1,0.715,0.000
60,1,2,0.715,-0.196
60,1,3,0.715,0.092
60,2,0,0.715,0.173
60,2,1,0.715,-0.196
60,2,2,0.715,0.000
60,2,3,0.715,-0.033
60,3,0,0.715,-0.094
60,3,1,0.715,0.092
60,3,2,0.715,-0.033
60,3,3,0.715,0.000
61,0,0,0.730,0.000
61,0,1,0.730,-0.018
61,0,2,0.730,0.178
61,0,3,0.730,-0.095
61,1,0,0.730,-0.018
61,1,1,0.730,0.000
61,1,2,0.730,-0.200
61,1,3,0.730,0.092
61,2,0,0.730,0.178
61,2,1,0.730,-0.200
61,2,2,0.730,0.000
61,2,3,0.730,-0.032
61,3,0,0.730,-0.095
61,3,1,0.730,0.092
61,3,2,0.730,-0.032
61,3,3,0.730,0.000
62,0,0,0.745,0.000
62,0,1,0.745,-0.018
62,0,2,0.745,0.182
62,0,3,0.745,-0.095
62,1,0,0.745,-0.018
62,1,1,0.745,0.000
62,1,2,0.745,-0.204
62,1,3,0.745,0.091
62,2,0,0.745,0.182
62,2,1,0.745,-0.204
62,2,2,0.745,0.000
62,2,3,0.745,-0.032
62,3,0,0.745,-0.095
62,3,1,0.745,0.091
62,3,2,0.745,-0.032
62,3,3,0.745,0.000
63,0,0,0.761,0.000
63,0,1,0.761,-0.017
63,0,2,0.761,0.187
63,0,3,0.761,-0.096
63,1,0,0.761,-0.017
63,1,1,0.761,0.000
63,1,2,0.761,-0.208
63,1,3,0.761,0.090
63,2,0,0.761,0.187
63,2,1,0.761,-0.208
63,2,2,0.761,0.000
63,2,3,0.761,-0.031
63,3,0,0.761,-0.096
63,3,1,0.761,0.090
63,3,2,0.761,-0.031
63,3,3,0.761,0.000
64,0,0,0.777,0.000
64,0,1,0.777,-0.017
64,0,2,0.777,0.192
64,0,3,0.777,-0.096
64,1,0,0.777,-0.017
64,1,1,0.777,0.000
64,1,2,0.777,-0.212
64,1,3,0.777,0.089
64,2,0,0.777,0.192
64,2,1,0.777,-0.212
64,2,2,0.777,0.000
64,2,3,0.777,-0.031
64,3,0,0.777,-0.096
64,3,1,0.777,0.089
64,3,2,0.777,-0.031
64,3,3,0.777,0.000
65,0,0,0.792,0.000
65,0,1,0.792,-0.017
65,0,2,0.792,0.197
65,0,3,0.792,-0.096
65,1,0,0.792,-0.017
65,1,1,0.792,0.000
65,1,2,0.792,-0.217
65,1,3,0.792,0.088
65,2,0,0.792,0.197
65,2,1,0.792,-0.217
65,2,2,0.792,0.000
65,2,3,0.792,-0.031
65,3,0,0.792,-0.096
65,3,1,0.792,0.088
65,3,2,0.792,-0.031
65,3,3,0.792,0.000
66,0,0,0.808,0.000
66,0,1,0.808,-0.017
66,0,2,0.808,0.201
66,0,3,0.808,-0.095
66,1,0,0.808,-0.017
66,1,1,0.808,0.000
66,1,2,0.808,-0.221
66,1,3,0.808,0.087
66,2,0,0.808,0.201
66,2,1,0.808,-0.221
66,2,2,0.808,0.000
66,2,3,0.808,-0.030
66,3,0,0.808,-0.095
66,3,1,0.808,0.087
66,3,2,0.808,-0.030
66,3,3,0.808,0.000
67,0,0,0.825,0.000
67,0,1,0.825,-0.016
67,0,2,0.825,0.206
67,0,3,0.825,-0.095
67,1,0,0.825,-0.016
67,1,1,0.825,0.000
67,1,2,0.825,-0.226
67,1,3,0.825,0.085
67,2,0,0.825,0.206
67,2,1,0.825,-0.226
67,2,2,0.825,0.000
67,2,3,0.825,-0.030
67,3,0,0.825,-0.095
67,3,1,0.825,0.085
67,3,2,0.825,-0.030
67,3,3,0.825,0.000
68,0,0,0.843,0.000
68,0,1,0.843,-0.016
68,0,2,0.843,0.211
68,0,3,0.843,-0.094
68,1,0,0.843,-0.016
68,1,1,0.843,0.000
68,1,2,0.843,-0.231
68,1,3,0.843,0.083
68,2,0,0.843,0.211
68,2,1,0.843,-0.231
68,2,2,0.843,0.000
68,2,3,0.843,-0.029
68,3,0,0.843,-0.094
68,3,1,0.843,0.083
68,3,2,0.843,-0.029
68,3,3,0.843,0.000
69,0,0,0.861,0.000
69,0,1,0.861,-0.016
69,0,2,0.861,0.217
69,0,3,0.861,-0.093
69,1,0,0.861,-0.016
69,1,1,0.861,0.000
69,1,2,0.861,-0.236
69,1,3,0.861,0.081
69,2,0,0.861,0.217
69,2,1,0.861,-0.236
69,2,2,0.861,0.000
69,2,3,0.861,-0.029
69,3,0,0.861,-0.093
69,3,1,0.861,0.081
69,3,2,0.861,-0.029
69,3,3,0.861,0.000
70,0,0,0.881,0.000
70,0,1,0.881,-0.015
70,0,2,0.881,0.223
70,0,3,0.881,-0.092
70,1,0,0.881,-0.015
70,1,1,0.881,0.000
70,1,2,0.881,-0.241
70,1,3,0.881,0.079
70,2,0,0.881,0.223
70,2,1,0.881,-0.241
70,2,2,0.881,0.000
70,2,3,0.881,-0.028
70,3,0,0.881,-0.092
70,3,1,0.881,0.079
70,3,2,0.881,-0.028
70,3,3,0.881,0.000
71,0,0,0.908,0.000
71,0,1,0.908,-0.015
71,0,2,0.908,0.230
71,0,3,0.908,-0.090
71,1,0,0.908,-0.015
71,1,1,0.908,0.000
71,1,2,0.908,-0.249
71,1,3,0.908,0.076
71,2,0,0.908,0.230
71,2,1,0.908,-0.249
71,2,2,0.908,0.000
71,2,3,0.908,-0.028
71,3,0,0.908,-0.090
71,3,1,0.908,0.076
71,3,2,0.908,-0.028
71,3,3,0.908,0.000
72,0,0,0.935,0.000
72,0,1,0.935,-0.015
72,0,2,0.935,0.238
72,0,3,0.935,-0.087
72,1,0,0.935,-0.015
72,1,1,0.935,0.000
72,1,2,0.935,-0.257
72,1,3,0.935,0.072
72,2,0,0.935,0.238
72,2,1,0.935,-0.257
72,2,2,0.935,0.000
72,2,3,0.935,-0.027
72,3,0,0.935,-0.087
72,3,1,0.935,0.072
72,3,2,0.935,-0.027
72,3,3,0.935,0.000
73,0,0,0.963,0.000
73,0,1,0.963,-0.015
73,0,2,0.963,0.246
73,0,3,0.963,-0.084
73,1,0,0.963,-0.015
73,1,1,0.963,0.000
73,1,2,0.963,-0.265
73,1,3,0.963,0.068
73,2,0,0.963,0.246
73,2,1,0.963,-0.265
73,2,2,0.963,0.000
73,2,3,0.963,-0.026
73,3,0,0.963,-0.084
73,3,1,0.963,0.068
73,3,2,0.963,-0.026
73,3,3,0.963,0.000
74,0,0,0.992,0.000
74,0,1,0.992,-0.014
74,0,2,0.992,0.254
74,0,3,0.992,-0.081
74,1,0,0.992,-0.014
74,1,1,0.992,0.000
74,1,2,0.992,-0.273
74,1,3,0.992,0.064
74,2,0,0.992,0.254
74,2,1,0.992,-0.273
74,2,2,0.992,0.000
74,2,3,0.992,-0.025
74,3,0,0.992,-0.081
74,3,1,0.992,0.064
74,3,2,0.992,-0.025
74,3,3,0.992,0.000
75,0,0,1.041,0.000
75,0,1,1.041,-0.014
75,0,2,1.041,0.267
75,0,3,1.041,-0.075
75,1,0,1.041,-0.014
75,1,1,1.041,0.000
75,1,2,1.041,-0.286
75,1,3,1.041,0.057
75,2,0,1.041,0.267
75,2,1,1.041,-0.286
75,2,2,1.041,0.000
75,2,3,1.041,-0.024
75,3,0,1.041,-0.075
75,3,1,1.041,0.057
75,3,2,1.041,-0.024
75,3,3,1.041,0.000
76,0,0,1.089,0.000
76,0,1,1.089,-0.014
76,0,2,1.089,0.279
76,0,3,1.089,-0.069
76,1,0,1.089,-0.014
76,1,1,1.089,0.000
76,1,2,1.089,-0.298
76,1,3,1.089,0.050
76,2,0,1.089,0.279
76,2,1,1.089,-0.298
76,2,2,1.089,0.000
76,2,3,1.089,-0.023
76,3,0,1.089,-0.069
76,3,1,1.089,0.050
76,3,2,1.089,-0.023
76,3,3,1.089,0.000
77,0,0,1.136,0.000
77,0,1,1.136,-0.013
77,0,2,1.136,0.290
77,0,3,1.136,-0.063
77,1,0,1.136,-0.013
77,1,1,1.136,0.000
77,1,2,1.136,-0.309
77,1,3,1.136,0.043
77,2,0,1.136,0.290
77,2,1,1.136,-0.309
77,2,2,1.136,0.000
77,2,3,1.136,-0.022
77,3,0,1.136,-0.063
77,3,1,1.136,0.043
77,3,2,1.136,-0.022
77,3,3,1.136,0.000
78,0,0,1.183,0.000
78,0,1,1.183,-0.013
78,0,2,1.183,0.300
78,0,3,1.183,-0.057
78,1,0,1.183,-0.013
78,1,1,1.183,0.000
78,1,2,1.183,-0.320
78,1,3,1.183,0.037
78,2,0,1.183,0.300
78,2,1,1.183,-0.320
78,2,2,1.183,0.000
78,2,3,1.183,-0.021
78,3,0,1.183,-0.057
78,3,1,1.183,0.037
78,3,2,1.183,-0.021
78,3,3,1.183,0.000
79,0,0,1.217,0.000
79,0,1,1.217,-0.013
79,0,2,1.217,0.306
79,0,3,1.217,-0.053
79,1,0,1.217,-0.013
79,1,1,1.217,0.000
79,1,2,1.217,-0.327
79,1,3,1.217,0.032
79,2,0,1.217,0.306
79,2,1,1.217,-0.327
79,2,2,1.217,0.000
79,2,3,1.217,-0.020
79,3,0,1.217,-0.053
79,3,1,1.217,0.032
79,3,2,1.217,-0.020
79,3,3,1.217,0.000
80,0,0,1.251,0.000
80,0,1,1.251,-0.013
80,0,2,1.251,0.313
80,0,3,1.251,-0.049
80,1,0,1.251,-0.013
80,1,1,1.251,0.000
80,1,2,1.251,-0.334
80,1,3,1.251,0.028
80,2,0,1.251,0.313
80,2,1,1.251,-0.334
80,2,2,1.251,0.000
80,2,3,1.251,-0.020
80,3,0,1.251,-0.049
80,3,1,1.251,0.028
80,3,2,1.251,-0.020
80,3,3,1.251,0.000
81,0,0,1.285,0.000
81,0,1,1.285,-0.013
81,0,2,1.285,0.318
81,0,3,1.285,-0.045
81,1,0,1.285,-0.013
81,1,1,1.285,0.000
81,1,2,1.285,-0.340
81,1,3,1.285,0.023
81,2,0,1.285,0.318
81,2,1,1.285,-0.340
81,2,2,1.285,0.000
81,2,3,1.285,-0.019
81,3,0,1.285,-0.045
81,3,1,1.285,0.023
81,3,2,1.285,-0.019
81,3,3,1.285,0.000
82,0,0,1.320,0.000
82,0,1,1.320,-0.013
82,0,2,1.320,0.324
82,0,3,1.320,-0.041
82,1,0,1.320,-0.013
82,1,1,1.320,0.000
82,1,2,1.320,-0.345
82,1,3,1.320,0.019
82,2,0,1.320,0.324
82,2,1,1.320,-0.345
82,2,2,1.320,0.000
82,2,3,1.320,-0.018
82,3,0,1.320,-0.041
82,3,1,1.320,0.019
82,3,2,1.320,-0.018
82,3,3,1.320,0.000
83,0,0,1.354,0.000
83,0,1,1.354,-0.013
83,0,2,1.354,0.328
83,0,3,1.354,-0.038
83,1,0,1.354,-0.013
83,1,1,1.354,0.000
83,1,2,1.354,-0.350
83,1,3,1.354,0.016
83,2,0,1.354,0.328
83,2,1,1.354,-0.350
83,2,2,1.354,0.000
83,2,3,1.354,-0.018
83,3,0,1.354,-0.038
83,3,1,1.354,0.016
83,3,2,1.354,-0.018
83,3,3,1.354,0.000
84,0,0,1.390,0.000
84,0,1,1.390,-0.013
84,0,2,1.390,0.333
84,0,3,1.390,-0.035
84,1,0,1.390,-0.013
84,1,1,1.390,0.000
84,1,2,1.390,-0.355
84,1,3,1.390,0.012
84,2,0,1.390,0.333
84,2,1,1.390,-0.355
84,2,2,1.390,0.000
84,2,3,1.390,-0.017
84,3,0,1.390,-0.035
84,3,1,1.390,0.012
84,3,2,1.390,-0.017
84,3,3,1.390,0.000
85,0,0,1.426,0.000
85,0,1,1.426,-0.013
85,0,2,1.426,0.337
85,0,3,1.426,-0.032
85,1,0,1.426,-0.013
85,1,1,1.426,0.000
85,1,2,1.426,-0.359
85,1,3,1.426,0.009
85,2,0,1.426,0.337
85,2,1,1.426,-0.359
85,2,2,1.426,0.000
85,2,3,1.426,-0.017
85,3,0,1.426,-0.032
85,3,1,1.426,0.009
85,3,2,1.426,-0.017
85,3,3,1.426,0.000
86,0,0,1.464,0.000
86,0,1,1.464,-0.013
86,0,2,1.464,0.341
86,0,3,1.464,-0.029
86,1,0,1.464,-0.013
86,1,1,1.464,0.000
86,1,2,1.464,-0.363
86,1,3,1.464,0.006
86,2,0,1.464,0.341
86,2,1,1.464,-0.363
86,2,2,1.464,0.000
86,2,3,1.464,-0.016
86,3,0,1.464,-0.029
86,3,1,1.464,0.006
86,3,2,1.464,-0.016
86,3,3,1.464,0.000
87,0,0,1.503,0.000
87,0,1,1.503,-0.013
87,0,2,1.503,0.344
87,0,3,1.503,-0.027
87,1,0,1.503,-0.013
87,1,1,1.503,0.000
87,1,2,1.503,-0.367
87,1,3,1.503,0.003
87,2,0,1.503,0.344
87,2,1,1.503,-0.367
87,2,2,1.503,0.000
87,2,3,1.503,-0.016
87,3,0,1.503,-0.027
87,3,1,1.503,0.003
87,3,2,1.503,-0.016
87,3,3,1.503,0.000
88,0,0,1.544,0.000
88,0,1,1.544,-0.013
88,0,2,1.544,0.347
88,0,3,1.544,-0.024
88,1,0,1.544,-0.013
88,1,1,1.544,0.000
88,1,2,1.544,-0.370
88,1,3,1.544,0.001
88,2,0,1.544,0.347
88,2,1,1.544,-0.370
88,2,2,1.544,0.000
88,2,3,1.544,-0.016
88,3,0,1.544,-0.024
88,3,1,1.544,0.001
88,3,2,1.544,-0.016
88,3,3,1.544,0.000
89,0,0,1.587,0.000
89,0,1,1.587,-0.013
89,0,2,1.587,0.350
89,0,3,1.587,-0.022
89,1,0,1.587,-0.013
89,1,1,1.587,0.000
89,1,2,1.587,-0.373
89,1,3,1.587,-0.002
89,2,0,1.587,0.350
89,2,1,1.587,-0.373
89,2,2,1.587,0.000
89,2,3,1.587,-0.015
89,3,0,1.587,-0.022
89,3,1,1.587,-0.002
89,3,2,1.587,-0.015
89,3,3,1.587,0.000
90,0,0,1.632,0.000
90,0,1,1.632,-0.013
90,0,2,1.632,0.352
90,0,3,1.632,-0.020
90,1,0,1.632,-0.013
90,1,1,1.632,0.000
90,1,2,1.632,-0.375
90,1,3,1.632,-0.004
90,2,0,1.632,0.352
90,2,1,1.632,-0.375
90,2,2,1.632,0.000
90,2,3,1.632,-0.015
90,3,0,1.632,-0.020
90,3,1,1.632,-0.004
90,3,2,1.632,-0.015
90,3,3,1.632,0.000
91,0,0,1.681,0.000
91,0,1,1.681,-0.013
91,0,2,1.681,0.354
91,0,3,1.681,-0.019
91,1,0,1.681,-0.013
91,1,1,1.681,0.000
91,1,2,1.681,-0.377
91,1,3,1.681,-0.006
91,2,0,1.681,0.354
91,2,1,1.681,-0.377
91,2,2,1.681,0.000
91,2,3,1.681,-0.014
91,3,0,1.681,-0.019
91,3,1,1.681,-0.006
91,3,2,1.681,-0.014
91,3,3,1.681,0.000
92,0,0,1.734,0.000
92,0,1,1.734,-0.013
92,0,2,1.734,0.356
92,0,3,1.734,-0.017
92,1,0,1.734,-0.013
92,1,1,1.734,0.000
92,1,2,1.734,-0.379
92,1,3,1.734,-0.007
92,2,0,1.734,0.356
92,2,1,1.734,-0.379
92,2,2,1.734,0.000
92,2,3,1.734,-0.014
92,3,0,1.734,-0.017
92,3,1,1.734,-0.007
92,3,2,1.734,-0.014
92,3,3,1.734,0.000
93,0,0,1.792,0.000
93,0,1,1.792,-0.013
93,0,2,1.792,0.358
93,0,3,1.792,-0.016
93,1,0,1.792,-0.013
93,1,1,1.792,0.000
93,1,2,1.792,-0.381
93,1,3,1.792,-0.009
93,2,0,1.792,0.358
93,2,1,1.792,-0.381
93,2,2,1.792,0.000
93,2,3,1.792,-0.014
93,3,0,1.792,-0.016
93,3,1,1.792,-0.009
93,3,2,1.792,-0.014
93,3,3,1.792,0.000
94,0,0,1.856,0.000
94,0,1,1.856,-0.013
94,0,2,1.856,0.359
94,0,3,1.856,-0.015
94,1,0,1.856,-0.013
94,1,1,1.856,0.000
94,1,2,1.856,-0.382
94,1,3,1.856,-0.010
94,2,0,1.856,0.359
94,2,1,1.856,-0.382
94,2,2,1.856,0.000
94,2,3,1.856,-0.013
94,3,0,1.856,-0.015
94,3,1,1.856,-0.010
94,3,2,1.856,-0.013
94,3,3,1.856,0.000
95,0,0,1.928,0.000
95,0,1,1.928,-0.013
95,0,2,1.928,0.360
95,0,3,1.928,-0.014
95,1,0,1.928,-0.013
95,1,1,1.928,0.000
95,1,2,1.928,-0.384
95,1,3,1.928,-0.012
95,2,0,1.928,0.360
95,2,1,1.928,-0.384
95,2,2,1.928,0.000
95,2,3,1.928,-0.013
95,3,0,1.928,-0.014
95,3,1,1.928,-0.012
95,3,2,1.928,-0.013
95,3,3,1.928,0.000
96,0,0,2.010,0.000
96,0,1,2.010,-0.013
96,0,2,2.010,0.361
96,0,3,2.010,-0.013
96,1,0,2.010,-0.013
96,1,1,2.010,0.000
96,1,2,2.010,-0.384
96,1,3,2.010,-0.013
96,2,0,2.010,0.361
96,2,1,2.010,-0.384
96,2,2,2.010,0.000
96,2,3,2.010,-0.013
96,3,0,2.010,-0.013
96,3,1,2.010,-0.013
96,3,2,2.010,-0.013
96,3,3,2.010,0.000
97,0,0,2.107,0.000
97,0,1,2.107,-0.013
97,0,2,2.107,0.362
97,0,3,2.107,-0.013
97,1,0,2.107,-0.013
97,1,1,2.107,0.000
97,1,2,2.107,-0.385
97,1,3,2.107,-0.013
97,2,0,2.107,0.362
97,2,1,2.107,-0.385
97,2,2,2.107,0.000
97,2,3,2.107,-0.013
97,3,0,2.107,-0.013
97,3,1,2.107,-0.013
97,3,2,2.107,-0.013
97,3,3,2.107,0.000
98,0,0,2.223,0.000
98,0,1,2.223,-0.013
98,0,2,2.223,0.362
98,0,3,2.223,-0.012
98,1,0,2.223,-0.013
98,1,1,2.223,0.000
98,1,2,2.223,-0.386
98,1,3,2.223,-0.014
98,2,0,2.223,0.362
98,2,1,2.223,-0.386
98,2,2,2.223,0.000
98,2,3,2.223,-0.012
98,3,0,2.223,-0.012
98,3,1,2.223,-0.014
98,3,2,2.223,-0.012
98,3,3,2.223,0.000
99,0,0,2.370,0.000
99,0,1,2.370,-0.013
99,0,2,2.370,0.362
99,0,3,2.370,-0.012
99,1,0,2.370,-0.013
99,1,1,2.370,0.000
99,1,2,2.370,-0.386
99,1,3,2.370,-0.014
99,2,0,2.370,0.362
99,2,1,2.370,-0.386
99,2,2,2.370,0.000
99,2,3,2.370,-0.012
99,3,0,2.370,-0.012
99,3,1,2.370,-0.014
99,3,2,2.370,-0.012
99,3,3,2.370,0.000
100,0,0,2.565,0.000
100,0,1,2.565,-0.013
100,0,2,2.565,0.363
100,0,3,2.565,-0.012
100,1,0,2.565,-0.013
100,1,1,2.565,0.000
100,1,2,2.565,-0.386
100,1,3,2.565,-0.015
100,2,0,2.565,0.363
100,2,1,2.565,-0.386
100,2,2,2.565,0.000
100,2,3,2.565,-0.012
100,3,0,2.565,-0.012
100,3,1,2.565,-0.015
100,3,2,2.565,-0.012
100,3,3,2.565,0.000
101,0,0,2.850,0.000
101,0,1,2.850,-0.013
101,0,2,2.850,0.363
101,0,3,2.850,-0.012
101,1,0,2.850,-0.013
101,1,1,2.850,0.000
101,1,2,2.850,-0.386
101,1,3,2.850,-0.015
101,2,0,2.850,0.363
101,2,1,2.850,-0.386
101,2,2,2.850,0.000
101,2,3,2.850,-0.012
101,3,0,2.850,-0.012
101,3,1,2.850,-0.015
101,3,2,2.850,-0.012
101,3,3,2.850,0.000
102,0,0,3.347,0.000
102,0,1,3.347,-0.013
102,0,2,3.347,0.363
102,0,3,3.347,-0.012
102,1,0,3.347,-0.013
102,1,1,3.347,0.000
102,1,2,3.347,-0.386
102,1,3,3.347,-0.015
102,2,0,3.347,0.363
102,2,1,3.347,-0.386
102,2,2,3.347,0.000
102,2,3,3.347,-0.012
102,3,0,3.347,-0.012
102,3,1,3.347,-0.015
102,3,2,3.347,-0.012
102,3,3,3.347,0.000
103,0,0,3.967,0.000
103,0,1,3.967,-0.013
103,0,2,3.967,0.363
103,0,3,3.967,-0.012
103,1,0,3.967,-0.013
103,1,1,3.967,0.000
103,1,2,3.967,-0.386
103,1,3,3.967,-0.015
103,2,0,3.967,0.363
103,2,1,3.967,-0.386
103,2,2,3.967,0.000
103,2,3,3.967,-0.012
103,3,0,3.967,-0.012
103,3,1,3.967,-0.015
103,3,2,3.967,-0.012
103,3,3,3.967,0.000
104,0,0,5.809,0.000
104,0,1,5.809,-0.013
104,0,2,5.809,0.363
104,0,3,5.809,-0.012
104,1,0,5.809,-0.013
104,1,1,5.809,0.000
104,1,2,5.809,-0.386
104,1,3,5.809,-0.015
104,2,0,5.809,0.363
104,2,1,5.809,-0.386
104,2,2,5.809,0.000
104,2,3,5.809,-0.012
104,3,0,5.809,-0.012
104,3,1,5.809,-0.015
104,3,2,5.809,-0.012
104,3,3,5.809,0.000
105,0,0,10.000,0.000
105,0,1,10.000,-0.013
105,0,2,10.000,0.363
105,0,3,10.000,-0.012
105,1,0,10.000,-0.013
105,1,1,10.000,0.000
105,1,2,10.000,-0.386
105,1,3,10.000,-0.015
105,2,0,10.000,0.363
105,2,1,10.000,-0.386
105,2,2,10.000,0.000
105,2,3,10.000,-0.012
105,3,0,10.000,-0.012
105,3,1,10.000,-0.015
105,3,2,10.000,-0.012
105,3,3,10.000,0.000
